Id	Desc	Name	SceneResource	SceneRuleID	Type	IsOriginalWorldLoad	IsBigWorldLoad	Length	Width	Obstacle	SceneMapTexture	SceneMapWidth	SceneMapHeight	SceneMapLogicWidth	BGMusic	CopySceneID	CopySceneReEnterable	MaxInstCount	PlayersMaxA	PlayersMaxB	PlayersMaxC	GroupNormalSize	GroupSlowSize	GroupPauseSize	ReliveType_1	ReliveType_2	ReliveType_3	Entry_x	Entry_z	Safe_x	Safe_z	ReliveOriginalNum	ReliveEntryNum	EnterSceneEffect	LeaveSceneEffect	WMEnterLevelLimit	EnterNoticeDicID	CanUsePlanScene	PlayerViewRadius	PlayerViewEdgeInc	ChangeTab	SafeAreaIndex	SeamlessOffSetX	SeamlessOffsetZ
INT	STRING	STRING	INT	INT	INT	INT	INT	INT	INT	STRING	STRING	INT	INT	INT	INT	INT	INT	INT	INT	INT	INT	INT	INT	INT	INT	INT	INT	FLOAT	FLOAT	FLOAT	FLOAT	INT	INT	INT	INT	INT	INT	INT	FLOAT	FLOAT	INT	INT	FLOAT	FLOAT
#MAX_ID=1280;MAX_RECORD=1281;TableType=Hash;																																												
#场景ID	描述(不读)	名称	场景资源SceneResource表ID	SceneRule表对应ID	类型(-1客户端场景，0主城，1野外，2副本，3帮派，4结婚)	原世界是否加载	大世界是否加载	长度	宽度	阻挡文件(服务器使用)	雷达地图对应资源	雷达地图图片宽度	雷达地图图片高度	地图实际逻辑宽度	背景音乐ID	副本场景ID	是否是可重复进出的副本（一般都不是）	场景分线数量上限，-1不限制，最小限制值1，副本、原服出生场景、大世界出生场景不受此限制	内玩家数量上限A	场景内玩家数量上限B	场景内玩家数量上限C	系统分组调度Normal数量上限，只能程序修改，新增场景时默认填10	系统分组调度Slow数量上限，只能程序修改，新增场景时默认填60	系统分组调度Pause数量上限，只能程序修改，新增场景时默认填100	原地复活	入口复活	主城复活	入口坐标X	入口坐标Z	安全坐标X	安全坐标Z	原地复活次数	入口复活次数	是否需要进场	是否需要离场特效	世界地图进入场景等级限制	进入场景描述字典号	该场景是否支持相位场景传入	玩家视野范围	玩家视野边缘增量	是否切换分页	场景无敌安全区域索引（无则填 -1）	无缝场景客户端偏移X	无缝场景客户端偏移Z
0	启动	Khởi động	0	-1	-1	1	0	50	40		None	320	320	64	-1	0	0	-1	1	1	-1	8	80	100	1	1	1	19.6	14.7	19.6	14.7	-1	-1	0	0	1	-1	1	16	4	0	-1	0	0
1	登录	Đăng Lục Tràng Cảnh 	1	-1	-1	1	0	1	1		None	320	320	64	4	0	0	-1	1	1	-1	8	80	100	1	1	1	50	50	50	50	-1	-1	0	0	1	-1	1	16	4	0	-1	0	0
2	加载	Gia Tái Tràng Cảnh 	2	-1	-1	1	0	1	1		None	320	320	64	-1	0	0	-1	1	1	-1	8	80	100	1	1	1	50	50	50	50	-1	-1	0	0	1	-1	1	16	4	0	-1	0	0
3	新手副本	Thanh vân kiếp	3	6	2	1	0	128	128	./Scene/zc_qingyunshan.path	qingyunshan	384	384	128	1	1	0	-1	40	56	-1	16	80	100	1	1	1	25.5	64	25.5	64	-1	-1	0	0	1	-1	1	1000	4	0	-1	0	0
4	野外	Tiểu Trì Trấn 	4	0	1	1	0	128	128	./Scene/Yw_Xiaochizhen.path	xiaochizhen	384	384	128	3	0	0	-1	40	56	-1	8	80	100	1	1	1	49	86	49	86	-1	-1	1	1	1	-1	1	16	4	0	-1	0	0
5	主城（非正式）	Hà Dương Thành 	7	1	0	1	0	128	128	./Scene/Zc_Heyangcheng.path	heyangcheng	384	384	128	27	0	0	-1	40	56	-1	8	80	100	1	1	1	34	67	34	67	-1	-1	1	1	1	-1	1	16	4	0	-1	0	0
6	职业场景	Thanh Vân Sơn 	3	0	1	1	0	128	128	./Scene/zc_qingyunshan.path	qingyunshan	384	384	128	2	0	0	-1	40	56	-1	8	80	100	1	1	1	3.43	9.51	3.43	9.51	-1	-1	1	1	10	-1	1	16	4	0	-1	0	0
7	副本	Tử Linh Chi Uyên 	9	6	2	1	1	44	74	./Scene/Fb_silingyuan.path	silingyuan	240	240	80	41	2	0	-1	5	10	-1	10	80	100	1	1	1	16.5	12	16.5	2.49	-1	-1	0	0	1	-1	1	16	4	1	-1	0	0
8	副本	Huyễn Nguyệt Bí Cảnh 	5	6	2	1	1	48	48	./Scene/Fb_huanyuedongfu.path	huanyuedongfu	144	144	48	31	3	0	-1	40	56	-1	10	80	100	1	1	1	19.17	33.58	17.72	37	-1	-1	0	0	1	-1	1	16	4	1	-1	0	0
9	河阳相位	Hà Dương Thành 	7	4	2	1	0	128	128	./Scene/Zc_Heyangcheng.path	heyangcheng	384	384	128	41	4	0	-1	40	56	-1	16	80	100	1	1	1	-1	-1	79.92	63.41	-1	-1	0	0	1	4122	1	16	4	0	-1	0	0
10	职业场景	Tu Di Sơn 	14	0	1	1	0	128	128	./Scene/Yw_Tianyinsi.path	tianyinsi	384	384	128	65	0	0	-1	40	56	-1	8	80	100	1	1	1	113.37	12.42	113.37	12.42	-1	-1	1	1	10	-1	1	16	4	0	-1	0	0
11	职业场景	Hồ Kỳ Sơn 	12	0	1	1	0	128	128	./Scene/Yw_huqishan.path	huqishan	384	384	128	118	0	0	-1	40	56	-1	8	80	100	1	1	1	9	67	10.18	55.18	-1	-1	1	1	10	-1	1	16	4	0	-1	0	0
12	职业场景	Tiêu Diêu Giản 	15	0	1	1	0	128	128	./Scene/Yw_xiaoyaojian.path	xiaoyaojian	384	384	128	56	0	0	-1	40	56	-1	8	80	100	1	1	1	57.85	11.83	57.85	11.83	-1	-1	1	1	10	-1	1	16	4	0	-1	0	0
13	副本	Tu Chân Tiên Ma Lục 	6	13	2	1	0	40	40	./Scene/Fb_xiuzhenxianmolu.path	huanyuedongfu	144	144	40	57	10	0	-1	40	56	-1	10	80	100	1	1	1	16	23	16	23	-1	-1	0	0	1	-1	1	16	4	0	-1	0	0
14	青云相位	Thanh Vân Sơn 	3	4	2	1	0	128	128	./Scene/zc_qingyunshan.path	qingyunshan	384	384	128	335	5	0	-1	40	56	-1	16	80	100	1	1	1	-1	-1	86.82	63.18	-1	-1	0	0	1	4122	1	16	4	0	-1	0	0
15	副本	Thảo Miếu Thôn 	8	6	2	1	1	34	34	./Scene/Fb_caomiaocun.path	caomiaocun	120	120	40	30	7	0	-1	40	56	-1	10	80	100	1	1	1	22	14	22	14	-1	-1	0	0	1	-1	1	16	4	1	-1	0	0
16	天音相位	Thiên Âm Tự 	14	4	2	1	0	128	128	./Scene/Yw_Tianyinsi.path	tianyinsi	384	384	128	335	6	0	-1	40	56	-1	16	80	100	1	1	1	-1	-1	86.82	63.18	-1	-1	0	0	1	4122	1	16	4	0	-1	0	0
17	天音任务-相位	Đạt ma viện	14	4	2	1	0	128	128	./Scene/Yw_Tianyinsi.path	tianyinsi	384	384	128	41	8	0	-1	40	56	-1	16	80	100	1	1	1	-1	-1	86.82	63.18	-1	-1	0	0	1	4122	1	16	4	0	-1	0	0
18	鬼王相位	Hồ Kỳ Sơn 	12	4	2	1	0	128	128	./Scene/Yw_huqishan.path	huqishan	384	384	128	41	9	0	-1	40	56	-1	16	80	100	1	1	1	3.43	9.51	3.43	9.51	-1	-1	0	0	1	4122	1	16	4	0	-1	0	0
19	鬼王任务-相位	Sơn dã đường mòn	12	4	2	1	0	128	128	./Scene/Yw_huqishan.path	huqishan	384	384	128	118	11	0	-1	40	56	-1	16	80	100	1	1	1	3.43	9.51	3.43	9.51	-1	-1	0	0	1	4122	1	16	4	0	-1	0	0
20	鬼王任务-相位	Quỷ Vương  tông phân đường	12	4	2	1	0	128	128	./Scene/Yw_huqishan.path	huqishan	384	384	128	335	12	0	-1	40	56	-1	16	80	100	1	1	1	3.43	9.51	3.43	9.51	-1	-1	0	0	1	4122	1	16	4	0	-1	0	0
21	合欢任务-相位	Huyết trì	12	4	2	1	0	128	128	./Scene/Yw_huqishan.path	huqishan	384	384	128	41	13	0	-1	40	56	-1	16	80	100	1	1	1	3.43	9.51	3.43	9.51	-1	-1	0	0	1	4122	1	16	4	0	-1	0	0
22	合欢任务-相位	Tiêu Diêu Giản 	15	4	2	1	0	128	128	./Scene/Yw_xiaoyaojian.path	xiaoyaojian	384	384	128	41	14	0	-1	40	56	-1	16	80	100	1	1	1	-1	-1	86.82	63.18	-1	-1	0	0	1	4122	1	16	4	0	-1	0	0
23	切磋决斗副本	Lôi Thai 	6	8	2	1	1	40	40	./Scene/Fb_xiuzhenxianmolu.path	huanyuedongfu	144	144	40	57	15	1	-1	40	56	-1	10	80	100	0	0	1	16	23	16	23	-1	-1	0	0	1	-1	1	1000	4	0	-1	0	0
24	副本	Luận bàn (Phế Khí )	3	0	2	1	0	128	128	./Scene/zc_qingyunshan.path	qingyunshan	384	384	128	57	0	0	-1	40	56	-1	10	80	100	0	1	1	3.43	9.51	3.43	9.51	-1	-1	0	0	1	-1	1	16	4	0	-1	0	0
25	野外	Giam Ngục 	16	7	1	1	0	33	33	./Scene/Fb_dixuedong.path	dixuedong	96	96	33	120	0	0	-1	40	56	-1	8	80	100	1	1	0	16.38	24.88	16.38	24.88	-1	-1	0	0	1	-1	1	16	4	0	-1	0	0
26	帮战副本	Thiên trì đỉnh	11	10	2	1	0	96	96	./Scene/Fb_GuildWar.path	bangzhan	288	288	96	1	28	1	-1	50	56	-1	10	80	100	1	1	0	32	32	32	32	-1	-1	0	0	1	-1	1	16	4	0	1	0	0
27	副本	Thất Mạch Hội Vũ  cảnh tượng	6	8	2	1	0	40	40	./Scene/Fb_xiuzhenxianmolu.path	huanyuedongfu	144	144	40	316	20	0	-1	40	56	-1	10	80	100	0	0	1	16	23	16	23	-1	-1	0	0	1	-1	1	16	4	0	-1	0	0
28	副本	Thú Thần Chi Thán 	13	6	2	1	0	128	128	./Scene/fb_shoushenzhitan.path	shoushenzhitan	384	384	128	206	39	0	-1	40	56	-1	10	80	100	1	1	1	55.65	61.67	55.65	61.67	-1	-1	0	0	1	-1	1	1000	4	1	-1	0	0
29	河阳相位	Hà Dương Thành  - sơn hải uyển	7	4	2	1	0	128	128	./Scene/Zc_Heyangcheng.path	heyangcheng	384	384	128	99	16	0	-1	40	56	-1	16	80	100	1	1	1	-1	-1	79.92	63.41	-1	-1	0	0	1	4122	1	16	4	0	-1	0	0
30	河阳相位	Hà Dương Thành  - thử nghiệm ngưu đao	7	6	2	1	0	128	128	./Scene/Zc_Heyangcheng.path	heyangcheng	384	384	128	41	17	0	-1	40	56	-1	16	80	100	1	1	1	-1	-1	79.92	63.41	-1	-1	0	0	1	4122	1	16	4	0	-1	0	0
31	野外	Không Tang Sơn 	17	0	1	1	0	128	128	./Scene/Yw_Kongsangshan.path	kongsangshan	384	384	128	120	0	0	-1	40	56	-1	8	80	100	1	1	1	16.71	116.9	16.71	116.9	-1	-1	1	1	25	-1	1	16	4	0	-1	0	0
32	空桑山相位	Không Tang Sơn 	17	4	2	1	0	128	128	./Scene/Yw_Kongsangshan.path	kongsangshan	384	384	128	335	18	0	-1	40	56	-1	16	80	100	1	1	1	3.43	9.51	3.43	9.51	-1	-1	0	0	1	4122	1	16	4	0	-1	0	0
33	滴血洞-任务用	Tích Huyết Động 	16	11	1	1	0	33	33	./Scene/Fb_dixuedong.path	dixuedong	96	96	33	120	0	0	-1	40	56	-1	8	80	100	1	1	1	16.38	24.88	16.38	24.88	-1	-1	1	1	25	-1	1	16	4	0	-1	0	0
34	滴血洞-任务用-相位	Tích Huyết Động 	16	4	2	1	0	33	33	./Scene/Fb_dixuedong.path	dixuedong	96	96	33	335	19	0	-1	40	56	-1	16	80	100	1	1	1	16.38	24.88	16.38	24.88	-1	-1	0	0	1	4122	1	16	4	0	-1	0	0
35	副本	Thiên Đế Bảo Khố 	32	6	2	1	0	32	32	./Scene/Fb_Tiandibaoku.path	None	320	320	64	41	23	0	-1	40	56	-1	10	80	100	1	1	0	11	7.46	11	7.46	-1	-1	0	0	1	-1	1	16	4	0	-1	0	0
36	【废弃】天音任务-相位	Đạt ma viện	14	4	2	1	0	128	128	./Scene/Yw_Tianyinsi.path	tianyinsi	384	384	128	41	0	0	-1	0	0	-1	16	80	100	1	1	1	-1	-1	86.82	63.18	-1	-1	0	0	1	4122	1	16	4	0	-1	0	0
37	空桑山-坦白从宽相位	Không Tang Sơn 	17	0	2	1	0	128	128	./Scene/Yw_Kongsangshan.path	kongsangshan	384	384	128	41	22	0	-1	40	56	-1	16	80	100	1	1	1	3.43	9.51	3.43	9.51	-1	-1	1	1	1	4122	1	16	4	0	-1	0	0
38	小池镇-相位	Tiểu Trì Trấn 	4	4	2	1	0	128	128	./Scene/Yw_Xiaochizhen.path	xiaochizhen	384	384	128	3	24	0	-1	40	56	-1	16	80	100	1	1	1	49	86	49	86	-1	-1	1	1	1	4122	1	16	4	0	-1	0	0
39	副本	Mộng Cảnh Hà Dương 	21	6	2	1	0	37	74	./Scene/Fb_Menghuiheyang.path	menghuiheyang	222	222	74	30	26	0	-1	5	10	-1	10	80	100	1	1	1	13	16	13	16	-1	-1	0	0	1	-1	0	16	4	0	-1	0	0
40	野外	Phần Hương Cốc 	29	0	1	1	0	128	128	./Scene/Yw_Fenxianggu.path	fenxianggu	384	384	128	238	0	0	-1	40	56	-1	8	80	100	1	1	1	11.2	13.19	11.2	13.19	-1	-1	1	1	65	-1	1	16	4	0	-1	0	0
41	野外	Huyền Hỏa Đàn Nhất Tằng 	24	11	1	1	0	48	48	./Scene/Fb_xuanhuotandiyiceng.path	xuanhuotan1	144	144	48	206	0	0	-1	40	56	-1	8	80	100	1	1	1	23.87	3.31	23.87	3.31	-1	-1	1	1	65	-1	1	16	4	0	-1	0	0
42	野外	Đại Vương Thôn 	30	0	1	1	0	128	128	./Scene/Yw_Dawangcun.path	dawangcun	384	384	128	254	0	0	-1	40	56	-1	8	80	100	1	1	1	75.7	60	75.7	60	-1	-1	1	1	45	-1	1	16	4	0	-1	0	0
43	野外	Tử Vong Chiểu Trạch 	22	2	1	1	0	128	128	./Scene/Yw_Xifangzhaoze.path	xifangzhaoze	384	384	128	143	0	0	-1	40	56	-1	8	80	100	1	1	1	12.29	12.43	12.29	12.43	-1	-1	1	1	55	-1	1	16	4	0	-1	0	0
44	野外	Thất Lý Động 	19	0	1	1	0	128	128	./Scene/Yw_Qilitong.path	qilidong	384	384	128	119	0	0	-1	40	56	-1	8	80	100	1	1	1	13.62	115.81	13.62	115.81	-1	-1	1	1	75	-1	1	16	4	0	-1	0	0
45	野外	Thập Vạn Đại Sơn 	35	0	1	1	0	128	128	./Scene/Yw_Shiwandashan.path	shiwandashan	384	384	128	360	0	0	-1	40	56	-1	8	80	100	1	1	1	101.67	24.62	101.67	24.62	-1	-1	1	1	85	-1	1	16	4	0	-1	0	0
46	焚香谷相位	Phần Hương Cốc 	29	4	2	1	0	128	128	./Scene/Yw_Fenxianggu.path	fenxianggu	384	384	128	41	27	0	-1	40	56	-1	16	80	100	1	1	1	11.2	13.19	11.2	13.19	-1	-1	1	1	1	4122	1	16	4	0	-1	0	0
47	大王村相位	Đại Vương Thôn 	30	4	2	1	0	128	128	./Scene/Yw_Dawangcun.path	dawangcun	384	384	128	41	30	0	-1	40	56	-1	16	80	100	1	1	1	16.38	24.88	16.38	24.88	-1	-1	1	1	1	4122	1	16	4	0	-1	0	0
48	死泽相位	Tử Vong Chiểu Trạch 	22	4	2	1	0	128	128	./Scene/Yw_Xifangzhaoze.path	xifangzhaoze	384	384	128	143	31	0	-1	40	56	-1	16	80	100	1	1	1	12.29	12.43	12.29	12.43	-1	-1	1	1	1	4122	1	16	4	0	-1	0	0
49	大王村-凶残黑蟾	Hắc thủy câu	30	4	2	1	0	128	128	./Scene/Yw_Dawangcun.path	dawangcun	384	384	128	254	32	0	-1	40	56	-1	16	80	100	1	1	1	63.49	7.63	63.49	7.63	-1	-1	1	1	1	4122	1	16	4	0	-1	0	0
50	死泽相位-搜索水洼	Ở ngoài trạch	22	4	2	1	0	128	128	./Scene/Yw_Xifangzhaoze.path	xifangzhaoze	384	384	128	143	33	0	-1	40	56	-1	16	80	100	1	1	1	12.29	12.43	12.29	12.43	-1	-1	1	1	1	4122	1	16	4	0	-1	0	0
51	死泽相位-一场混战	Chết trạch Trùng Huyệt 	22	4	2	1	0	128	128	./Scene/Yw_Xifangzhaoze.path	xifangzhaoze	384	384	128	143	34	0	-1	40	56	-1	16	80	100	1	1	1	12.29	12.43	12.29	12.43	-1	-1	1	1	1	4122	1	16	4	0	-1	0	0
52	副本	Trấn Ma Cổ Động 	31	6	2	1	1	96	96	./Scene/Fb_Zhenmogudong.path	zhenmogudong	480	480	96	31	43	0	-1	40	56	-1	10	80	100	1	1	1	5.34	54.95	3.68	47.47	-1	-1	0	0	1	-1	1	100	4	1	-1	0	0
53	野外	Lưu Ba Sơn 	23	0	1	1	0	128	128	./Scene/Yw_Liuboshan.path	liuboshan	384	384	128	194	0	0	-1	40	56	-1	8	80	100	1	1	1	16.09	67.57	16.09	67.57	-1	-1	1	1	35	-1	1	16	4	0	-1	0	0
54	流波山相位	Lưu Ba Sơn 	23	0	2	1	0	128	128	./Scene/Yw_Liuboshan.path	liuboshan	384	384	128	41	37	0	-1	40	56	-1	16	80	100	1	1	1	16.09	67.57	16.09	67.57	-1	-1	1	1	1	4122	1	16	4	0	-1	0	0
55	七里峒相位	Thất Lý Động 	19	4	2	1	0	128	128	./Scene/Yw_Qilitong.path	qilidong	384	384	128	41	38	0	-1	40	56	-1	16	80	100	1	1	1	13.62	115.81	13.62	115.81	-1	-1	1	1	1	4122	1	16	4	0	-1	0	0
56	空中婚礼副本	Phượng Hoàng Lâu 	33	9	4	1	0	70	70	./Scene/Fb_Jiehun_tian.path	jiehun_sky	210	210	70	289	0	0	-1	46	56	-1	10	80	100	1	1	1	34	26	34	26	-1	-1	1	0	1	5216	1	16	4	0	-1	0	0
57	地面婚礼副本	Uyên Ương Đường 	34	9	4	1	0	70	70	./Scene/Fb_Jiehun_di.path	jiehun	210	210	70	288	0	0	-1	46	56	-1	10	80	100	1	1	1	32	30	32	30	-1	-1	1	0	1	5216	1	16	4	0	-1	0	0
58	七里峒相位	Ném tới trong nước	19	6	2	1	0	128	128	./Scene/Zc_Heyangcheng.path	qilidong	384	384	128	41	42	0	-1	40	56	-1	16	80	100	1	1	1	-1	-1	13.62	115.81	-1	-1	0	0	1	4122	1	16	4	0	-1	0	0
59	帮会普通宵小-炼血堂入侵	Luyện Huyết Đường Nhập Xâm 	10	6	2	1	0	50	50	./Scene/Fb_Banghuishudi.path	banghuishudi	150	150	50	30	35	0	-1	40	56	-1	10	80	100	1	1	1	29	33	29	33	-1	-1	1	1	1	-1	1	16	4	1	-1	0	0
60	帮会大宵小炼血堂逆袭	Luyện Huyết Đường Nghịch Tập 	10	6	2	1	0	50	50	./Scene/Fb_Banghuishudi.path	banghuishudi	150	150	50	335	36	0	-1	40	56	-1	10	80	100	1	1	1	29	33	29	33	-1	-1	1	1	1	-1	1	16	4	1	-1	0	0
61	家族聚餐副本	Gia Tộc Tụ Xan 	21	6	2	1	0	37	74	./Scene/Fb_Menghuiheyang.path	menghuiheyang	222	222	74	290	44	0	-1	40	56	-1	10	80	100	1	1	1	15.28	59	15.28	59	-1	-1	0	0	1	-1	0	16	4	0	-1	0	0
62	野外	Côn Lôn Sơn 	20	16	1	1	0	128	128	./Scene/Yw_Kunlunshan.path	kunlunshan	384	384	128	133	0	0	-1	40	56	-1	8	80	100	1	1	1	99	9.3	99	9.3	-1	-1	1	1	115	-1	1	16	4	0	-1	0	0
63	十万大山-相位	Thập Vạn Đại Sơn 	35	0	2	1	0	128	128	./Scene/Yw_Shiwandashan.path	shiwandashan	384	384	128	360	46	0	-1	40	56	-1	16	80	100	1	1	1	101.67	24.62	101.67	24.62	-1	-1	1	1	90	4122	1	16	4	0	-1	0	0
64	帮会任务副本	Thanh Tiễu Dư Nghiệt 	16	3	2	1	0	33	33	./Scene/Fb_dixuedong.path	dixuedong	96	96	33	94	47	0	-1	40	56	-1	10	80	100	1	1	1	16.67	1.67	16.67	1.67	-1	-1	1	1	1	-1	1	16	4	0	-1	0	0
65	毒蛇谷	Độc Xà Cốc 	27	2	1	1	0	128	128	./Scene/Yw_Dushegu.path	dushegu	384	384	128	210	47	0	-1	40	56	-1	8	80	100	1	1	1	13.8	112.4	13.8	112.4	-1	-1	1	1	95	-1	1	16	4	0	-1	0	0
66	流波山相位	Lưu Ba Sơn 	23	12	2	1	0	128	128	./Scene/Yw_Liuboshan.path	liuboshan	384	384	128	41	48	0	-1	40	56	-1	16	80	100	1	1	1	16.09	67.57	16.09	67.57	-1	-1	0	0	1	4122	1	16	4	0	-1	0	0
67	毒蛇谷-相位	Độc Xà Cốc 	27	0	2	1	0	128	128	./Scene/Yw_Dushegu.path	dushegu	384	384	128	210	51	0	-1	40	56	-1	16	80	100	1	1	1	13.8	112.4	13.8	112.4	-1	-1	1	1	30	-1	1	16	4	0	-1	0	0
68	蛮荒	Man Hoang 	36	15	1	1	0	128	128	./Scene/Yw_Manhuang.path	manhuang	384	384	128	210	0	0	-1	40	56	-1	8	80	100	1	1	1	120.4	9.9	120.4	9.9	-1	-1	1	1	105	-1	1	16	4	0	-1	0	0
69	蛮荒-相位	Man Hoang 	36	12	2	1	0	128	128	./Scene/Yw_Manhuang.path	manhuang	384	384	128	210	52	0	-1	40	56	-1	16	80	100	1	1	1	120.4	9.9	120.4	9.9	-1	-1	1	1	1	4122	1	16	4	0	-1	0	0
70	河阳相位（无小怪）	Hà Dương Thành 	7	12	2	1	0	128	128	./Scene/Zc_Heyangcheng.path	heyangcheng	384	384	128	41	4	0	-1	40	56	-1	16	80	100	1	1	1	-1	-1	79.92	63.41	-1	-1	0	0	1	4122	1	16	4	0	-1	0	0
71	鬼王相位（无小怪）	Hồ Kỳ Sơn 	12	12	2	1	0	128	128	./Scene/Yw_huqishan.path	huqishan	384	384	128	41	9	0	-1	40	56	-1	16	80	100	1	1	1	3.43	9.51	3.43	9.51	-1	-1	0	0	1	4122	1	16	4	0	-1	0	0
72	合欢相位（无小怪）	Tiêu Diêu Giản 	15	12	2	1	0	128	128	./Scene/Yw_xiaoyaojian.path	xiaoyaojian	384	384	128	41	14	0	-1	40	56	-1	16	80	100	1	1	1	-1	-1	86.82	63.18	-1	-1	0	0	1	4122	1	16	4	0	-1	0	0
73	天音相位（无小怪）	Thiên Âm Tự 	14	12	2	1	0	128	128	./Scene/Yw_Tianyinsi.path	tianyinsi	384	384	128	335	6	0	-1	40	56	-1	16	80	100	1	1	1	-1	-1	86.82	63.18	-1	-1	0	0	1	4122	1	16	4	0	-1	0	0
74	空桑山相位（无小怪）	Không Tang Sơn 	17	12	2	1	0	128	128	./Scene/Yw_Kongsangshan.path	kongsangshan	384	384	128	335	25	0	-1	40	56	-1	16	80	100	1	1	1	3.43	9.51	3.43	9.51	-1	-1	1	1	1	4122	1	16	4	0	-1	0	0
75	小池镇相位（无小怪）	Tiểu Trì Trấn 	4	12	2	1	0	128	128	./Scene/Yw_Xiaochizhen.path	xiaochizhen	384	384	128	3	24	0	-1	40	56	-1	16	80	100	1	1	1	49	86	49	86	-1	-1	1	1	1	4122	1	16	4	0	-1	0	0
76	玄火坛相位（无小怪）	Huyền Hỏa Đàn Nhất Tằng 	24	12	2	1	0	128	128	./Scene/Yw_Fenxianggu.path	xuanhuotan1	144	144	48	238	30	0	-1	40	56	-1	16	80	100	1	1	1	11.2	13.19	11.2	13.19	-1	-1	1	1	1	4122	1	16	4	0	-1	0	0
77	青云相位（无小怪）	Thanh Vân Sơn 	3	12	2	1	0	128	128	./Scene/zc_qingyunshan.path	qingyunshan	384	384	128	335	5	0	-1	40	56	-1	16	80	100	1	1	1	-1	-1	86.82	63.18	-1	-1	0	0	1	4122	1	16	4	0	-1	0	0
78	大王村相位（无小怪）	Đại Vương Thôn 	30	12	2	1	0	128	128	./Scene/Yw_Dawangcun.path	dawangcun	384	384	128	254	30	0	-1	40	56	-1	16	80	100	1	1	1	16.38	24.88	16.38	24.88	-1	-1	1	1	1	4122	1	16	4	0	-1	0	0
79	死泽相位（无小怪）	Tử Vong Chiểu Trạch 	22	12	2	1	0	128	128	./Scene/Yw_Xifangzhaoze.path	xifangzhaoze	384	384	128	143	49	0	-1	40	56	-1	16	80	100	1	1	1	12.29	12.43	12.29	12.43	-1	-1	1	1	1	4122	1	16	4	0	-1	0	0
80	七里峒相位（无小怪）	Thất Lý Động 	19	12	2	1	0	128	128	./Scene/Yw_Qilitong.path	qilidong	384	384	128	119	38	0	-1	40	56	-1	16	80	100	1	1	1	13.62	115.81	13.62	115.81	-1	-1	1	1	1	4122	1	16	4	0	-1	0	0
81	流波山相位（无小怪）	Lưu Ba Sơn 	23	12	2	1	0	128	128	./Scene/Yw_Liuboshan.path	liuboshan	384	384	128	41	0	0	-1	40	56	-1	16	80	100	1	1	1	16.09	67.57	16.09	67.57	-1	-1	1	1	1	4122	1	16	4	0	-1	0	0
82	十万大山相位（无小怪）	Thập Vạn Đại Sơn 	35	12	2	1	0	128	128	./Scene/Yw_Shiwandashan.path	shiwandashan	384	384	128	360	46	0	-1	40	56	-1	16	80	100	1	1	1	101.67	24.62	101.67	24.62	-1	-1	1	1	90	4122	1	16	4	0	-1	0	0
83	妖兽突袭-流波山-相位	Lưu Ba Sơn 	23	14	2	1	0	128	128	./Scene/Yw_Liuboshan.path	liuboshan	384	384	128	206	29	0	-1	40	56	-1	18	80	100	1	1	1	2.41	67.76	2.41	67.76	-1	-1	1	1	1	-1	1	16	4	1	-1	0	0
84	妖兽突袭-焚香谷-相位	Phần Hương Cốc 	29	14	2	1	0	128	128	./Scene/Yw_Fenxianggu.path	fenxianggu	384	384	128	206	29	0	-1	40	56	-1	18	80	100	1	1	1	11.2	13.19	11.2	13.19	-1	-1	1	1	1	-1	1	16	4	1	-1	0	0
85	妖兽突袭-大王村-相位	Đại Vương Thôn 	30	14	2	1	0	128	128	./Scene/Yw_Dawangcun.path	dawangcun	384	384	128	206	29	0	-1	40	56	-1	18	80	100	1	1	1	75.7	60	75.7	60	-1	-1	1	1	1	-1	1	16	4	1	-1	0	0
86	妖兽突袭-死亡沼泽-相位	Tử Vong Chiểu Trạch 	22	14	2	1	0	128	128	./Scene/Yw_Xifangzhaoze.path	xifangzhaoze	384	384	128	206	29	0	-1	40	56	-1	18	80	100	1	1	1	12.29	12.43	12.29	12.43	-1	-1	1	1	1	-1	1	16	4	1	-1	0	0
87	妖兽突袭-七里峒-相位	Thất Lý Động 	19	14	2	1	0	128	128	./Scene/Yw_Qilitong.path	qilidong	384	384	128	206	29	0	-1	40	56	-1	18	80	100	1	1	1	13.62	115.81	13.62	115.81	-1	-1	1	1	1	-1	1	16	4	1	-1	0	0
88	毒蛇谷-相位(无小怪)	Độc Xà Cốc 	27	12	2	1	0	128	128	./Scene/Yw_Dushegu.path	dushegu	384	384	128	210	51	0	-1	40	56	-1	16	80	100	1	1	1	13.8	112.4	13.8	112.4	-1	-1	1	1	30	-1	1	16	4	0	-1	0	0
89	鸿蒙古地	Hồng Mông Cổ Địa 	37	0	1	1	0	128	128	./Scene/Yw_Hongmenggudi.path	hongmenggudi	384	384	128	485	46	0	-1	40	56	-1	8	80	100	1	1	1	109.8	81.3	109.8	81.3	-1	-1	1	1	125	-1	1	16	4	0	-1	0	0
90	修罗	Tu La 	38	0	1	1	0	128	128	./Scene/Yw_Xiuluo.path	xiuluo	384	384	128	532	0	0	-1	40	56	-1	8	80	100	1	1	1	64.2	20.8	64.2	20.8	-1	-1	1	1	135	-1	1	16	4	0	-1	0	0
91	蟠龙峰	Bàn Long Phong 	40	0	1	1	0	128	128	./Scene/Yw_Panlongfeng.path	panlongfeng	384	384	128	626	0	0	-1	40	56	-1	8	80	100	1	1	1	106.7	103.49	106.7	103.49	-1	-1	1	1	150	-1	1	16	4	0	-1	0	0
92	大王村相位	Đại Vương Thôn  - thủ phạm thật phía sau màn	30	6	2	1	0	128	128	./Scene/Yw_Xifangzhaoze.path	dawangcun	384	384	128	143	53	0	-1	40	56	-1	16	80	100	1	1	1	-1	-1	34.28	95.49	-1	-1	0	0	1	4122	1	16	4	0	-1	0	0
93	死泽相位	Tử Vong Chiểu Trạch  - đại chiến huyền xà	22	6	2	1	0	128	128	./Scene/Yw_Dawangcun.path	xifangzhaoze	384	384	128	254	54	0	-1	40	56	-1	16	80	100	1	1	1	-1	-1	107.97	113.44	-1	-1	0	0	1	4122	1	16	4	0	-1	0	0
94	多人竞技副本	Đa Nhân Cạnh Kỹ 	107	6	2	1	1	64	64	./Scene/Fb_Wangzhezhengba.path	wangzhezhengba	192	192	64	57	64	1	-1	40	56	-1	10	80	100	0	0	1	32.39	30	32.39	30	-1	-1	0	0	1	-1	1	1000	4	0	-1	0	0
95	大世界场景	Thượng cổ dị giới	41	19	1	0	1	512	512	./Scene/Bw_Shangguyijie.path	changshengdian	1536	1536	512	652	0	0	-1	100	120	140	1	80	100	1	1	1	207.2	262.25	207.2	262.25	-1	-1	1	1	120	-1	1	16	4	0	-1	0	0
96	副本	Huyền minh điện	106	6	2	1	1	48	48	./Scene/Fb_moshenjianglin.path	xuanhuotan1	144	144	48	206	77	0	-1	40	56	-1	10	80	100	1	1	1	23.7	24.13	23.7	24.13	-1	-1	0	0	1	-1	1	1000	4	1	-1	0	0
97	副本	Phu thê phó bản	34	6	2	1	0	70	70	./Scene/Fb_Jiehun_di.path	jiehun	210	210	70	288	84	0	-1	40	56	-1	10	80	100	1	1	1	32	20	32	20	-1	-1	0	0	45	-1	1	16	4	1	-1	0	0
98	大世界相位	Trường sinh giới	41	4	2	0	1	512	512	./Scene/Bw_Shangguyijie.path	changshengdian	1536	1536	512	485	86	0	-1	40	56	-1	16	80	100	1	1	1	207.2	262.25	207.2	262.25	-1	-1	0	0	1	4122	1	16	4	0	-1	0	0
99	大世界相位（无小怪）	Trường sinh giới	41	12	2	0	1	512	512	./Scene/Bw_Shangguyijie.path	changshengdian	1536	1536	512	485	86	0	-1	40	56	-1	16	80	100	1	1	1	207.2	262.25	207.2	262.25	-1	-1	0	0	1	4122	1	16	4	0	-1	0	0
100	妖兽突袭-小池镇-相位	Tiểu Trì Trấn 	4	14	2	1	0	128	128	./Scene/Yw_Xiaochizhen.path	xiaochizhen	384	384	128	206	29	0	-1	40	56	-1	18	80	100	1	1	1	5.94	4.72	5.94	4.72	-1	-1	1	1	1	-1	1	16	4	1	-1	0	0
101	妖兽突袭-空桑山-相位	Không Tang Sơn 	17	14	2	1	0	128	128	./Scene/Yw_Kongsangshan.path	kongsangshan	384	384	128	206	29	0	-1	40	56	-1	18	80	100	1	1	1	16.71	116.9	110.54	104.17	-1	-1	1	1	1	-1	1	16	4	1	-1	0	0
102	野外	Huyền Hỏa Đàn Nhị Tằng 	25	11	1	1	0	32	32	./Scene/Fb_xuanhuotandierceng.path	xuanhuotan2	96	96	32	31	0	0	-1	40	56	-1	8	80	100	1	1	1	15.88	5.98	67.09	90.52	-1	-1	1	1	65	-1	1	16	4	0	-1	0	0
103	野外	Hồ Kỳ Sơn Địa Cung 	26	11	1	1	0	32	32	./Scene/Fb_huqishandigong.path	huqishandigong	96	96	32	226	0	0	-1	40	56	-1	8	80	100	1	1	1	16.05	6.58	76.23	25.08	-1	-1	1	1	15	-1	1	16	4	0	-1	0	0
104	天地宝库	Thiên Địa Bảo Khố 	32	12	2	1	0	32	32	./Scene/Fb_Tiandibaoku.path	menghuiheyang2	131	222	32	2	5	0	-1	40	56	-1	10	80	100	1	1	1	-1	-1	14.55	59.21	-1	-1	0	0	1	4122	1	16	4	0	-1	0	0
105	妖兽突袭-空桑山-相位-入口NPC_ID：740	Không Tang Sơn 	17	14	2	1	0	128	128	./Scene/Yw_Kongsangshan.path	kongsangshan	384	384	128	206	29	0	-1	40	56	-1	18	80	100	1	1	1	59.91	20.98	55.69	38.35	-1	-1	1	1	1	-1	1	16	4	1	-1	0	0
106	妖兽突袭-空桑山-相位-入口NPC_ID：739	Không Tang Sơn 	17	14	2	1	0	128	128	./Scene/Yw_Kongsangshan.path	kongsangshan	384	384	128	206	29	0	-1	40	56	-1	18	80	100	1	1	1	77.42	71.49	22.1	20.98	-1	-1	1	1	1	-1	1	16	4	1	-1	0	0
107	妖兽突袭-空桑山-相位-入口NPC_ID：738	Không Tang Sơn 	17	14	2	1	0	128	128	./Scene/Yw_Kongsangshan.path	kongsangshan	384	384	128	206	29	0	-1	40	56	-1	18	80	100	1	1	1	101.27	109.26	101.27	109.26	-1	-1	1	1	1	-1	1	16	4	1	-1	0	0
108	妖兽突袭-空桑山-相位-入口NPC_ID：737	Không Tang Sơn 	17	14	2	1	0	128	128	./Scene/Yw_Kongsangshan.path	kongsangshan	384	384	128	206	29	0	-1	40	56	-1	18	80	100	1	1	1	19.29	14.8	19.29	14.8	-1	-1	1	1	1	-1	1	16	4	1	-1	0	0
109	妖兽突袭-空桑山-相位-入口NPC_ID：736	Không Tang Sơn 	17	14	2	1	0	128	128	./Scene/Yw_Kongsangshan.path	kongsangshan	384	384	128	206	29	0	-1	40	56	-1	18	80	100	1	1	1	20.58	45.99	20.58	45.99	-1	-1	1	1	1	-1	1	16	4	1	-1	0	0
110	妖兽突袭-空桑山-相位-入口NPC_ID：735	Không Tang Sơn 	17	14	2	1	0	128	128	./Scene/Yw_Kongsangshan.path	kongsangshan	384	384	128	206	29	0	-1	40	56	-1	18	80	100	1	1	1	15.36	114.46	15.36	114.46	-1	-1	1	1	1	-1	1	16	4	1	-1	0	0
111	妖兽突袭-小池镇-相位-入口NPC_ID：740	Tiểu Trì Trấn 	4	14	2	1	0	128	128	./Scene/Yw_Xiaochizhen.path	xiaochizhen	384	384	128	206	29	0	-1	40	56	-1	18	80	100	1	1	1	110.54	104.17	110.54	104.17	-1	-1	1	1	1	-1	1	16	4	1	-1	0	0
112	妖兽突袭-小池镇-相位-入口NPC_ID：739	Tiểu Trì Trấn 	4	14	2	1	0	128	128	./Scene/Yw_Xiaochizhen.path	xiaochizhen	384	384	128	206	29	0	-1	40	56	-1	18	80	100	1	1	1	67.09	90.52	67.09	90.52	-1	-1	1	1	1	-1	1	16	4	1	-1	0	0
113	妖兽突袭-小池镇-相位-入口NPC_ID：738	Tiểu Trì Trấn 	4	14	2	1	0	128	128	./Scene/Yw_Xiaochizhen.path	xiaochizhen	384	384	128	206	29	0	-1	40	56	-1	18	80	100	1	1	1	76.23	25.08	76.23	25.08	-1	-1	1	1	1	-1	1	16	4	1	-1	0	0
114	妖兽突袭-小池镇-相位-入口NPC_ID：737	Tiểu Trì Trấn 	4	14	2	1	0	128	128	./Scene/Yw_Xiaochizhen.path	xiaochizhen	384	384	128	206	29	0	-1	40	56	-1	18	80	100	1	1	1	14.55	59.21	14.55	59.21	-1	-1	1	1	1	-1	1	16	4	1	-1	0	0
115	妖兽突袭-小池镇-相位-入口NPC_ID：736	Tiểu Trì Trấn 	4	14	2	1	0	128	128	./Scene/Yw_Xiaochizhen.path	xiaochizhen	384	384	128	206	29	0	-1	40	56	-1	18	80	100	1	1	1	55.69	38.35	55.69	38.35	-1	-1	1	1	1	-1	1	16	4	1	-1	0	0
116	妖兽突袭-小池镇-相位-入口NPC_ID：735	Tiểu Trì Trấn 	4	14	2	1	0	128	128	./Scene/Yw_Xiaochizhen.path	xiaochizhen	384	384	128	206	29	0	-1	40	56	-1	18	80	100	1	1	1	22.1	20.98	22.1	20.98	-1	-1	1	1	1	-1	1	16	4	1	-1	0	0
117	妖兽突袭-流波山-相位-入口NPC_ID：735	Lưu Ba Sơn 	23	14	2	1	0	128	128	./Scene/Yw_Liuboshan.path	liuboshan	384	384	128	206	29	0	-1	40	56	-1	18	80	100	1	1	1	16.96	11.42	16.96	11.42	-1	-1	1	1	1	-1	1	16	4	1	-1	0	0
118	妖兽突袭-流波山-相位-入口NPC_ID：736	Lưu Ba Sơn 	23	14	2	1	0	128	128	./Scene/Yw_Liuboshan.path	liuboshan	384	384	128	206	29	0	-1	40	56	-1	18	80	100	1	1	1	58.2	13.6	58.2	13.6	-1	-1	1	1	1	-1	1	16	4	1	-1	0	0
119	妖兽突袭-流波山-相位-入口NPC_ID：737	Lưu Ba Sơn 	23	14	2	1	0	128	128	./Scene/Yw_Liuboshan.path	liuboshan	384	384	128	206	29	0	-1	40	56	-1	18	80	100	1	1	1	94.14	9.86	94.14	9.86	-1	-1	1	1	1	-1	1	16	4	1	-1	0	0
120	妖兽突袭-流波山-相位-入口NPC_ID：738	Lưu Ba Sơn 	23	14	2	1	0	128	128	./Scene/Yw_Liuboshan.path	liuboshan	384	384	128	206	29	0	-1	40	56	-1	18	80	100	1	1	1	98.3	69.2	98.3	69.2	-1	-1	1	1	1	-1	1	16	4	1	-1	0	0
121	妖兽突袭-流波山-相位-入口NPC_ID：739	Lưu Ba Sơn 	23	14	2	1	0	128	128	./Scene/Yw_Liuboshan.path	liuboshan	384	384	128	206	29	0	-1	40	56	-1	18	80	100	1	1	1	43.9	108.66	43.9	108.66	-1	-1	1	1	1	-1	1	16	4	1	-1	0	0
122	妖兽突袭-流波山-相位-入口NPC_ID：740	Lưu Ba Sơn 	23	14	2	1	0	128	128	./Scene/Yw_Liuboshan.path	liuboshan	384	384	128	206	29	0	-1	40	56	-1	18	80	100	1	1	1	19.83	57.24	19.83	57.24	-1	-1	1	1	1	-1	1	16	4	1	-1	0	0
123	妖兽突袭-焚香谷-相位-入口NPC_ID：735	Phần Hương Cốc 	29	14	2	1	0	128	128	./Scene/Yw_Fenxianggu.path	fenxianggu	384	384	128	206	29	0	-1	40	56	-1	18	80	100	1	1	1	34.78	27.08	34.78	27.08	-1	-1	1	1	1	-1	1	16	4	1	-1	0	0
124	妖兽突袭-焚香谷-相位-入口NPC_ID：736	Phần Hương Cốc 	29	14	2	1	0	128	128	./Scene/Yw_Fenxianggu.path	fenxianggu	384	384	128	206	29	0	-1	40	56	-1	18	80	100	1	1	1	72.13	40.82	72.13	40.82	-1	-1	1	1	1	-1	1	16	4	1	-1	0	0
125	妖兽突袭-焚香谷-相位-入口NPC_ID：737	Phần Hương Cốc 	29	14	2	1	0	128	128	./Scene/Yw_Fenxianggu.path	fenxianggu	384	384	128	206	29	0	-1	40	56	-1	18	80	100	1	1	1	104.27	20.74	104.27	20.74	-1	-1	1	1	1	-1	1	16	4	1	-1	0	0
126	妖兽突袭-焚香谷-相位-入口NPC_ID：738	Phần Hương Cốc 	29	14	2	1	0	128	128	./Scene/Yw_Fenxianggu.path	fenxianggu	384	384	128	206	29	0	-1	40	56	-1	18	80	100	1	1	1	23.73	78.69	23.73	78.69	-1	-1	1	1	1	-1	1	16	4	1	-1	0	0
127	妖兽突袭-焚香谷-相位-入口NPC_ID：739	Phần Hương Cốc 	29	14	2	1	0	128	128	./Scene/Yw_Fenxianggu.path	fenxianggu	384	384	128	206	29	0	-1	40	56	-1	18	80	100	1	1	1	65.6	99.01	65.6	99.01	-1	-1	1	1	1	-1	1	16	4	1	-1	0	0
128	妖兽突袭-焚香谷-相位-入口NPC_ID：740	Phần Hương Cốc 	29	14	2	1	0	128	128	./Scene/Yw_Fenxianggu.path	fenxianggu	384	384	128	206	29	0	-1	40	56	-1	18	80	100	1	1	1	119.59	93.73	119.59	93.73	-1	-1	1	1	1	-1	1	16	4	1	-1	0	0
129	妖兽突袭-大王村-相位-入口NPC_ID：735	Đại Vương Thôn 	30	14	2	1	0	128	128	./Scene/Yw_Dawangcun.path	dawangcun	384	384	128	206	29	0	-1	40	56	-1	18	80	100	1	1	1	22.17	24.39	22.17	24.39	-1	-1	1	1	1	-1	1	16	4	1	-1	0	0
130	妖兽突袭-大王村-相位-入口NPC_ID：736	Đại Vương Thôn 	30	14	2	1	0	128	128	./Scene/Yw_Dawangcun.path	dawangcun	384	384	128	206	29	0	-1	40	56	-1	18	80	100	1	1	1	31.06	63.09	31.06	63.09	-1	-1	1	1	1	-1	1	16	4	1	-1	0	0
131	妖兽突袭-大王村-相位-入口NPC_ID：737	Đại Vương Thôn 	30	14	2	1	0	128	128	./Scene/Yw_Dawangcun.path	dawangcun	384	384	128	206	29	0	-1	40	56	-1	18	80	100	1	1	1	33.3	105.64	33.3	105.64	-1	-1	1	1	1	-1	1	16	4	1	-1	0	0
132	妖兽突袭-大王村-相位-入口NPC_ID：738	Đại Vương Thôn 	30	14	2	1	0	128	128	./Scene/Yw_Dawangcun.path	dawangcun	384	384	128	206	29	0	-1	40	56	-1	18	80	100	1	1	1	104.89	14.6	104.89	14.6	-1	-1	1	1	1	-1	1	16	4	1	-1	0	0
133	妖兽突袭-大王村-相位-入口NPC_ID：739	Đại Vương Thôn 	30	14	2	1	0	128	128	./Scene/Yw_Dawangcun.path	dawangcun	384	384	128	206	29	0	-1	40	56	-1	18	80	100	1	1	1	77.95	51.62	77.95	51.62	-1	-1	1	1	1	-1	1	16	4	1	-1	0	0
134	妖兽突袭-大王村-相位-入口NPC_ID：740	Đại Vương Thôn 	30	14	2	1	0	128	128	./Scene/Yw_Dawangcun.path	dawangcun	384	384	128	206	29	0	-1	40	56	-1	18	80	100	1	1	1	110.11	102.86	110.11	102.86	-1	-1	1	1	1	-1	1	16	4	1	-1	0	0
135	妖兽突袭-死亡沼泽-相位-入口NPC_ID：735	Tử Vong Chiểu Trạch 	22	14	2	1	0	128	128	./Scene/Yw_Xifangzhaoze.path	xifangzhaoze	384	384	128	206	29	0	-1	40	56	-1	18	80	100	1	1	1	18.78	6.88	18.78	6.88	-1	-1	1	1	1	-1	1	16	4	1	-1	0	0
136	妖兽突袭-死亡沼泽-相位-入口NPC_ID：736	Tử Vong Chiểu Trạch 	22	14	2	1	0	128	128	./Scene/Yw_Xifangzhaoze.path	xifangzhaoze	384	384	128	206	29	0	-1	40	56	-1	18	80	100	1	1	1	107.9	13.59	107.9	13.59	-1	-1	1	1	1	-1	1	16	4	1	-1	0	0
137	妖兽突袭-死亡沼泽-相位-入口NPC_ID：737	Tử Vong Chiểu Trạch 	22	14	2	1	0	128	128	./Scene/Yw_Xifangzhaoze.path	xifangzhaoze	384	384	128	206	29	0	-1	40	56	-1	18	80	100	1	1	1	97.13	58	97.13	58	-1	-1	1	1	1	-1	1	16	4	1	-1	0	0
138	妖兽突袭-死亡沼泽-相位-入口NPC_ID：738	Tử Vong Chiểu Trạch 	22	14	2	1	0	128	128	./Scene/Yw_Xifangzhaoze.path	xifangzhaoze	384	384	128	206	29	0	-1	40	56	-1	18	80	100	1	1	1	19.06	67.87	19.06	67.87	-1	-1	1	1	1	-1	1	16	4	1	-1	0	0
139	妖兽突袭-死亡沼泽-相位-入口NPC_ID：739	Tử Vong Chiểu Trạch 	22	14	2	1	0	128	128	./Scene/Yw_Xifangzhaoze.path	xifangzhaoze	384	384	128	206	29	0	-1	40	56	-1	18	80	100	1	1	1	37.35	106.25	37.35	106.25	-1	-1	1	1	1	-1	1	16	4	1	-1	0	0
140	妖兽突袭-死亡沼泽-相位-入口NPC_ID：740	Tử Vong Chiểu Trạch 	22	14	2	1	0	128	128	./Scene/Yw_Xifangzhaoze.path	xifangzhaoze	384	384	128	206	29	0	-1	40	56	-1	18	80	100	1	1	1	106.64	114.65	106.64	114.65	-1	-1	1	1	1	-1	1	16	4	1	-1	0	0
141	妖兽突袭-七里峒-相位-入口NPC_ID：735	Thất Lý Động 	19	14	2	1	0	128	128	./Scene/Yw_Qilitong.path	qilidong	384	384	128	206	29	0	-1	40	56	-1	18	80	100	1	1	1	18.45	10.64	18.45	10.64	-1	-1	1	1	1	-1	1	16	4	1	-1	0	0
142	妖兽突袭-七里峒-相位-入口NPC_ID：736	Thất Lý Động 	19	14	2	1	0	128	128	./Scene/Yw_Qilitong.path	qilidong	384	384	128	206	29	0	-1	40	56	-1	18	80	100	1	1	1	66.04	26.65	66.04	26.65	-1	-1	1	1	1	-1	1	16	4	1	-1	0	0
143	妖兽突袭-七里峒-相位-入口NPC_ID：737	Thất Lý Động 	19	14	2	1	0	128	128	./Scene/Yw_Qilitong.path	qilidong	384	384	128	206	29	0	-1	40	56	-1	18	80	100	1	1	1	107.12	13.69	107.12	13.69	-1	-1	1	1	1	-1	1	16	4	1	-1	0	0
144	妖兽突袭-七里峒-相位-入口NPC_ID：738	Thất Lý Động 	19	14	2	1	0	128	128	./Scene/Yw_Qilitong.path	qilidong	384	384	128	206	29	0	-1	40	56	-1	18	80	100	1	1	1	12.75	114.19	12.75	114.19	-1	-1	1	1	1	-1	1	16	4	1	-1	0	0
145	妖兽突袭-七里峒-相位-入口NPC_ID：739	Thất Lý Động 	19	14	2	1	0	128	128	./Scene/Yw_Qilitong.path	qilidong	384	384	128	206	29	0	-1	40	56	-1	18	80	100	1	1	1	101.19	86.79	101.19	86.79	-1	-1	1	1	1	-1	1	16	4	1	-1	0	0
146	妖兽突袭-七里峒-相位-入口NPC_ID：740	Thất Lý Động 	19	14	2	1	0	128	128	./Scene/Yw_Qilitong.path	qilidong	384	384	128	206	29	0	-1	40	56	-1	18	80	100	1	1	1	110.59	75.72	110.59	75.72	-1	-1	1	1	1	-1	1	16	4	1	-1	0	0
147	妖兽突袭-十万大山-相位-入口NPC_ID：735	Thập Vạn Đại Sơn 	35	14	2	1	0	128	128	./Scene/Yw_Shiwandashan.path	shiwandashan	384	384	128	206	29	0	-1	40	56	-1	18	80	100	1	1	1	66.96	24.29	66.96	24.29	-1	-1	1	1	1	-1	1	16	4	1	-1	0	0
148	妖兽突袭-十万大山-相位-入口NPC_ID：736	Thập Vạn Đại Sơn 	35	14	2	1	0	128	128	./Scene/Yw_Shiwandashan.path	shiwandashan	384	384	128	206	29	0	-1	40	56	-1	18	80	100	1	1	1	22.73	25.74	22.73	25.74	-1	-1	1	1	1	-1	1	16	4	1	-1	0	0
149	妖兽突袭-十万大山-相位-入口NPC_ID：737	Thập Vạn Đại Sơn 	35	14	2	1	0	128	128	./Scene/Yw_Shiwandashan.path	shiwandashan	384	384	128	206	29	0	-1	40	56	-1	18	80	100	1	1	1	18.78	55.5	18.78	55.5	-1	-1	1	1	1	-1	1	16	4	1	-1	0	0
150	妖兽突袭-十万大山-相位-入口NPC_ID：738	Thập Vạn Đại Sơn 	35	14	2	1	0	128	128	./Scene/Yw_Shiwandashan.path	shiwandashan	384	384	128	206	29	0	-1	40	56	-1	18	80	100	1	1	1	69.22	67.55	69.22	67.55	-1	-1	1	1	1	-1	1	16	4	1	-1	0	0
151	妖兽突袭-十万大山-相位-入口NPC_ID：739	Thập Vạn Đại Sơn 	35	14	2	1	0	128	128	./Scene/Yw_Shiwandashan.path	shiwandashan	384	384	128	206	29	0	-1	40	56	-1	18	80	100	1	1	1	80.35	99.68	80.35	99.68	-1	-1	1	1	1	-1	1	16	4	1	-1	0	0
152	妖兽突袭-十万大山-相位-入口NPC_ID：740	Thập Vạn Đại Sơn 	35	14	2	1	0	128	128	./Scene/Yw_Shiwandashan.path	shiwandashan	384	384	128	206	29	0	-1	40	56	-1	18	80	100	1	1	1	38.2	93.24	38.2	93.24	-1	-1	1	1	1	-1	1	16	4	1	-1	0	0
153	妖兽突袭-毒蛇谷-相位-入口NPC_ID：735	Độc Xà Cốc 	27	14	2	1	0	128	128	./Scene/Yw_Dushegu.path	dushegu	384	384	128	206	29	0	-1	40	56	-1	18	80	100	1	1	1	22.87	30.6	22.87	30.6	-1	-1	1	1	1	-1	1	16	4	1	-1	0	0
154	妖兽突袭-毒蛇谷-相位-入口NPC_ID：736	Độc Xà Cốc 	27	14	2	1	0	128	128	./Scene/Yw_Dushegu.path	dushegu	384	384	128	206	29	0	-1	40	56	-1	18	80	100	1	1	1	60.58	40.08	60.58	40.08	-1	-1	1	1	1	-1	1	16	4	1	-1	0	0
155	妖兽突袭-毒蛇谷-相位-入口NPC_ID：737	Độc Xà Cốc 	27	14	2	1	0	128	128	./Scene/Yw_Dushegu.path	dushegu	384	384	128	206	29	0	-1	40	56	-1	18	80	100	1	1	1	105.2	70.85	105.2	70.85	-1	-1	1	1	1	-1	1	16	4	1	-1	0	0
156	妖兽突袭-毒蛇谷-相位-入口NPC_ID：738	Độc Xà Cốc 	27	14	2	1	0	128	128	./Scene/Yw_Dushegu.path	dushegu	384	384	128	206	29	0	-1	40	56	-1	18	80	100	1	1	1	53.7	95.8	53.7	95.8	-1	-1	1	1	1	-1	1	16	4	1	-1	0	0
157	妖兽突袭-毒蛇谷-相位-入口NPC_ID：739	Độc Xà Cốc 	27	14	2	1	0	128	128	./Scene/Yw_Dushegu.path	dushegu	384	384	128	206	29	0	-1	40	56	-1	18	80	100	1	1	1	72.31	116.98	72.31	116.98	-1	-1	1	1	1	-1	1	16	4	1	-1	0	0
158	妖兽突袭-毒蛇谷-相位-入口NPC_ID：740	Độc Xà Cốc 	27	14	2	1	0	128	128	./Scene/Yw_Dushegu.path	dushegu	384	384	128	206	29	0	-1	40	56	-1	18	80	100	1	1	1	110.45	103.81	110.45	103.81	-1	-1	1	1	1	-1	1	16	4	1	-1	0	0
159	妖兽突袭-蛮荒-相位-入口NPC_ID：735	Man Hoang 	36	14	2	1	0	128	128	./Scene/Yw_Manhuang.path	manhuang	384	384	128	206	29	0	-1	40	56	-1	18	80	100	1	1	1	20.74	34.06	20.74	34.06	-1	-1	1	1	1	-1	1	16	4	1	-1	0	0
160	妖兽突袭-蛮荒-相位-入口NPC_ID：736	Man Hoang 	36	14	2	1	0	128	128	./Scene/Yw_Manhuang.path	manhuang	384	384	128	206	29	0	-1	40	56	-1	18	80	100	1	1	1	84.91	23.98	84.91	23.98	-1	-1	1	1	1	-1	1	16	4	1	-1	0	0
161	妖兽突袭-蛮荒-相位-入口NPC_ID：737	Man Hoang 	36	14	2	1	0	128	128	./Scene/Yw_Manhuang.path	manhuang	384	384	128	206	29	0	-1	40	56	-1	18	80	100	1	1	1	102.63	74.47	102.63	74.47	-1	-1	1	1	1	-1	1	16	4	1	-1	0	0
162	妖兽突袭-蛮荒-相位-入口NPC_ID：738	Man Hoang 	36	14	2	1	0	128	128	./Scene/Yw_Manhuang.path	manhuang	384	384	128	206	29	0	-1	40	56	-1	18	80	100	1	1	1	55.3	62.58	55.3	62.58	-1	-1	1	1	1	-1	1	16	4	1	-1	0	0
163	妖兽突袭-蛮荒-相位-入口NPC_ID：739	Man Hoang 	36	14	2	1	0	128	128	./Scene/Yw_Manhuang.path	manhuang	384	384	128	206	29	0	-1	40	56	-1	18	80	100	1	1	1	22.48	89.64	22.48	89.64	-1	-1	1	1	1	-1	1	16	4	1	-1	0	0
164	妖兽突袭-蛮荒-相位-入口NPC_ID：740	Man Hoang 	36	14	2	1	0	128	128	./Scene/Yw_Manhuang.path	manhuang	384	384	128	206	29	0	-1	40	56	-1	18	80	100	1	1	1	70.53	111.58	70.53	111.58	-1	-1	1	1	1	-1	1	16	4	1	-1	0	0
165	妖兽突袭-昆仑山-相位-入口NPC_ID：735	Côn Lôn Sơn 	20	14	2	1	0	128	128	./Scene/Yw_Kunlunshan.path	kunlunshan	384	384	128	206	29	0	-1	40	56	-1	18	80	100	1	1	1	42.53	35.91	42.53	35.91	-1	-1	1	1	1	-1	1	16	4	1	-1	0	0
166	妖兽突袭-昆仑山-相位-入口NPC_ID：736	Côn Lôn Sơn 	20	14	2	1	0	128	128	./Scene/Yw_Kunlunshan.path	kunlunshan	384	384	128	206	29	0	-1	40	56	-1	18	80	100	1	1	1	87.35	13.97	87.35	13.97	-1	-1	1	1	1	-1	1	16	4	1	-1	0	0
167	妖兽突袭-昆仑山-相位-入口NPC_ID：737	Côn Lôn Sơn 	20	14	2	1	0	128	128	./Scene/Yw_Kunlunshan.path	kunlunshan	384	384	128	206	29	0	-1	40	56	-1	18	80	100	1	1	1	91.92	30.4	91.92	30.4	-1	-1	1	1	1	-1	1	16	4	1	-1	0	0
168	妖兽突袭-昆仑山-相位-入口NPC_ID：738	Côn Lôn Sơn 	20	14	2	1	0	128	128	./Scene/Yw_Kunlunshan.path	kunlunshan	384	384	128	206	29	0	-1	40	56	-1	18	80	100	1	1	1	13.89	73.13	13.89	73.13	-1	-1	1	1	1	-1	1	16	4	1	-1	0	0
169	妖兽突袭-昆仑山-相位-入口NPC_ID：739	Côn Lôn Sơn 	20	14	2	1	0	128	128	./Scene/Yw_Kunlunshan.path	kunlunshan	384	384	128	206	29	0	-1	40	56	-1	18	80	100	1	1	1	39.36	85.06	39.36	85.06	-1	-1	1	1	1	-1	1	16	4	1	-1	0	0
170	妖兽突袭-昆仑山-相位-入口NPC_ID：740	Côn Lôn Sơn 	20	14	2	1	0	128	128	./Scene/Yw_Kunlunshan.path	kunlunshan	384	384	128	206	29	0	-1	40	56	-1	18	80	100	1	1	1	75.23	79.15	75.23	79.15	-1	-1	1	1	1	-1	1	16	4	1	-1	0	0
171	妖兽突袭-鸿蒙古地-相位-入口NPC_ID：735	Hồng Mông Cổ Địa 	37	14	2	1	0	128	128	./Scene/Yw_Hongmenggudi.path	None	320	320	64	206	29	0	-1	40	56	-1	18	80	100	1	1	1	23.31	21.4	23.31	21.4	-1	-1	1	1	1	-1	1	16	4	1	-1	0	0
172	妖兽突袭-鸿蒙古地-相位-入口NPC_ID：736	Hồng Mông Cổ Địa 	37	14	2	1	0	128	128	./Scene/Yw_Hongmenggudi.path	None	320	320	64	206	29	0	-1	40	56	-1	18	80	100	1	1	1	83.4	15.61	83.4	15.61	-1	-1	1	1	1	-1	1	16	4	1	-1	0	0
173	妖兽突袭-鸿蒙古地-相位-入口NPC_ID：737	Hồng Mông Cổ Địa 	37	14	2	1	0	128	128	./Scene/Yw_Hongmenggudi.path	None	320	320	64	206	29	0	-1	40	56	-1	18	80	100	1	1	1	22.48	84.9	22.48	84.9	-1	-1	1	1	1	-1	1	16	4	1	-1	0	0
174	妖兽突袭-鸿蒙古地-相位-入口NPC_ID：738	Hồng Mông Cổ Địa 	37	14	2	1	0	128	128	./Scene/Yw_Hongmenggudi.path	None	320	320	64	206	29	0	-1	40	56	-1	18	80	100	1	1	1	29.66	113.3	29.66	113.3	-1	-1	1	1	1	-1	1	16	4	1	-1	0	0
175	妖兽突袭-鸿蒙古地-相位-入口NPC_ID：739	Hồng Mông Cổ Địa 	37	14	2	1	0	128	128	./Scene/Yw_Hongmenggudi.path	None	320	320	64	206	29	0	-1	40	56	-1	18	80	100	1	1	1	69.71	93.28	69.71	93.28	-1	-1	1	1	1	-1	1	16	4	1	-1	0	0
176	妖兽突袭-鸿蒙古地-相位-入口NPC_ID：740	Hồng Mông Cổ Địa 	37	14	2	1	0	128	128	./Scene/Yw_Hongmenggudi.path	None	320	320	64	206	29	0	-1	40	56	-1	18	80	100	1	1	1	113.88	99.38	113.88	99.38	-1	-1	1	1	1	-1	1	16	4	1	-1	0	0
177	妖兽突袭-修罗-相位-入口NPC_ID：735	Tu La 	38	14	2	1	0	128	128	./Scene/Yw_Xiuluo.path	xiuluo	384	384	128	206	29	0	-1	40	56	-1	18	80	100	1	1	1	8.64	9.08	8.64	9.08	-1	-1	1	1	1	-1	1	16	4	1	-1	0	0
178	妖兽突袭-修罗-相位-入口NPC_ID：736	Tu La 	38	14	2	1	0	128	128	./Scene/Yw_Xiuluo.path	xiuluo	384	384	128	206	29	0	-1	40	56	-1	18	80	100	1	1	1	95.04	25.8	95.04	25.8	-1	-1	1	1	1	-1	1	16	4	1	-1	0	0
179	妖兽突袭-修罗-相位-入口NPC_ID：737	Tu La 	38	14	2	1	0	128	128	./Scene/Yw_Xiuluo.path	xiuluo	384	384	128	206	29	0	-1	40	56	-1	18	80	100	1	1	1	14.16	64.98	14.16	64.98	-1	-1	1	1	1	-1	1	16	4	1	-1	0	0
180	妖兽突袭-修罗-相位-入口NPC_ID：738	Tu La 	38	14	2	1	0	128	128	./Scene/Yw_Xiuluo.path	xiuluo	384	384	128	206	29	0	-1	40	56	-1	18	80	100	1	1	1	76.83	77.31	76.83	77.31	-1	-1	1	1	1	-1	1	16	4	1	-1	0	0
181	妖兽突袭-修罗-相位-入口NPC_ID：739	Tu La 	38	14	2	1	0	128	128	./Scene/Yw_Xiuluo.path	xiuluo	384	384	128	206	29	0	-1	40	56	-1	18	80	100	1	1	1	110.7	77.66	110.7	77.66	-1	-1	1	1	1	-1	1	16	4	1	-1	0	0
182	妖兽突袭-修罗-相位-入口NPC_ID：740	Tu La 	38	14	2	1	0	128	128	./Scene/Yw_Xiuluo.path	xiuluo	384	384	128	206	29	0	-1	40	56	-1	18	80	100	1	1	1	57.37	110.82	57.37	110.82	-1	-1	1	1	1	-1	1	16	4	1	-1	0	0
184	副本	Thần Vũ Thiên Cực Tháp 	39	6	2	1	1	32	32	./Scene/Fb_Shenwutianjita.path	shenwutianjita	96	96	32	41	55	0	-1	40	56	-1	10	80	100	1	1	0	11	7.46	11	7.46	-1	-1	0	0	1	-1	1	16	4	0	-1	0	0
185	焚香谷相位	Phần Hương Cốc 	29	4	2	1	0	128	128	./Scene/Yw_Fenxianggu.path	fenxianggu	384	384	128	41	57	0	-1	40	56	-1	16	80	100	1	1	1	11.2	13.19	11.2	13.19	-1	-1	1	1	1	4122	1	16	4	0	-1	0	0
186	周一仙隐藏-相位-特殊考验	Tiểu Thiên Âm Tự 	14	4	2	1	0	128	128	./Scene/Yw_Tianyinsi.path	tianyinsi	384	384	128	41	56	0	-1	40	56	-1	16	80	100	1	1	1	-1	-1	58.35	123.23	-1	-1	0	0	1	4122	1	16	4	0	-1	0	0
187	焚香谷隐藏-相位-突出重围	Huyền Hỏa Đàn Nhất Tằng 	24	4	2	1	0	128	128	./Scene/Yw_Fenxianggu.path	xuanhuotan1	144	144	48	41	58	0	-1	40	56	-1	16	80	100	1	1	1	-1	-1	-1	-1	-1	-1	0	0	1	4122	1	16	4	0	-1	0	0
188	万毒门-隐藏-击败毒物	Độc Xà Cốc 	27	4	2	1	0	128	128	./Scene/Yw_Dushegu.path	dushegu	384	384	128	41	59	0	-1	40	56	-1	16	80	100	1	1	1	10.1	18.6	10.1	18.6	-1	-1	1	1	1	4122	1	16	4	0	-1	0	0
189	万毒门-隐藏-真假无炎	Độc Xà Cốc 	27	4	2	1	0	128	128	./Scene/Yw_Dushegu.path	dushegu	384	384	128	41	60	0	-1	40	56	-1	16	80	100	1	1	1	110	104	110	104	-1	-1	1	1	1	4122	1	16	4	0	-1	0	0
190	万毒门-隐藏-惊险决战	Tử Vong Chiểu Trạch 	22	4	2	1	0	128	128	./Scene/Yw_Xifangzhaoze.path	xifangzhaoze	384	384	128	41	61	0	-1	40	56	-1	16	80	100	1	1	1	89	54	89	54	-1	-1	1	1	1	4122	1	16	4	0	-1	0	0
191	炼血堂隐藏-相位-巡山弟子	Không Tang Sơn 	17	12	2	1	0	128	128	./Scene/Yw_Kongsangshan.path	kongsangshan	384	384	128	41	62	0	-1	40	56	-1	16	80	100	1	1	1	77.6	78.4	77.6	78.4	-1	-1	0	0	1	4122	1	16	4	0	-1	0	0
192	炼血堂隐藏-相位-禁制守卫	Không Tang Sơn 	17	12	2	1	0	128	128	./Scene/Yw_Kongsangshan.path	kongsangshan	384	384	128	41	63	0	-1	40	56	-1	16	80	100	1	1	1	69	19	69	19	-1	-1	0	0	1	4122	1	16	4	0	-1	0	0
193	焚香谷-猝然出手	Phần Hương Cốc 	29	12	2	1	0	128	128	./Scene/Yw_Fenxianggu.path	fenxianggu	384	384	128	206	65	0	-1	40	56	-1	18	80	100	1	1	1	34.78	27.08	34.78	27.08	-1	-1	1	1	1	4122	1	16	4	0	-1	0	0
194	焚香谷-大战燕虹	Phần Hương Cốc 	29	12	2	1	0	128	128	./Scene/Yw_Fenxianggu.path	fenxianggu	384	384	128	206	66	0	-1	40	56	-1	18	80	100	1	1	1	34.78	27.08	34.78	27.08	-1	-1	1	1	1	4122	1	16	4	0	-1	0	0
195	焚香谷-大战异兽	Phần Hương Cốc 	29	12	2	1	0	128	128	./Scene/Yw_Fenxianggu.path	fenxianggu	384	384	128	206	67	0	-1	40	56	-1	18	80	100	1	1	1	34.78	27.08	34.78	27.08	-1	-1	1	1	1	4122	1	16	4	0	-1	0	0
197	死亡沼泽-长生堂众	Tử Vong Chiểu Trạch 	22	12	2	1	0	128	128	./Scene/Yw_Xifangzhaoze.path	xifangzhaoze	384	384	128	143	68	0	-1	40	56	-1	16	80	100	1	1	1	12.29	12.43	12.29	12.43	-1	-1	1	1	1	4122	1	16	4	0	-1	0	0
198	死亡沼泽-一场混战	Tử Vong Chiểu Trạch 	22	12	2	1	0	128	128	./Scene/Yw_Xifangzhaoze.path	xifangzhaoze	384	384	128	143	69	0	-1	40	56	-1	16	80	100	1	1	1	12.29	12.43	12.29	12.43	-1	-1	1	1	1	4122	1	16	4	0	-1	0	0
200	七里峒-大战李洵	Thất Lý Động 	19	12	2	1	0	128	128	./Scene/Yw_Qilitong.path	qilidong	384	384	128	41	70	0	-1	40	56	-1	16	80	100	1	1	1	13.62	115.81	13.62	115.81	-1	-1	1	1	1	4122	1	16	4	0	-1	0	0
201	七里峒-帮大巫师	Thất Lý Động 	19	12	2	1	0	128	128	./Scene/Yw_Qilitong.path	qilidong	384	384	128	41	71	0	-1	40	56	-1	16	80	100	1	1	1	13.62	115.81	13.62	115.81	-1	-1	1	1	1	4122	1	16	4	0	-1	0	0
202	毒蛇谷-压制如山	Độc Xà Cốc 	27	12	2	1	0	128	128	./Scene/Yw_Dushegu.path	dushegu	384	384	128	210	72	0	-1	40	56	-1	16	80	100	1	1	1	13.8	112.4	13.8	112.4	-1	-1	1	1	1	4122	1	16	4	0	-1	0	0
203	毒蛇谷-挑拨无牙	Độc Xà Cốc 	27	12	2	1	0	128	128	./Scene/Yw_Dushegu.path	dushegu	384	384	128	210	73	0	-1	40	56	-1	16	80	100	1	1	1	13.8	112.4	13.8	112.4	-1	-1	1	1	1	4122	1	16	4	0	-1	0	0
204	十万大山-大战饕餮	Thập Vạn Đại Sơn 	35	12	2	1	0	128	128	./Scene/Yw_Shiwandashan.path	shiwandashan	384	384	128	360	74	0	-1	40	56	-1	16	80	100	1	1	1	101.67	24.62	101.67	24.62	-1	-1	1	1	1	4122	1	16	4	0	-1	0	0
205	十万大山-大战凶灵	Thập Vạn Đại Sơn 	35	12	2	1	0	128	128	./Scene/Yw_Shiwandashan.path	shiwandashan	384	384	128	360	75	0	-1	40	56	-1	16	80	100	1	1	1	101.67	24.62	101.67	24.62	-1	-1	1	1	1	4122	1	16	4	0	-1	0	0
206	蛮荒-武力征服	Man Hoang 	36	12	2	1	0	128	128	./Scene/Yw_Manhuang.path	manhuang	384	384	128	210	76	0	-1	40	56	-1	16	80	100	1	1	1	120.4	9.9	120.4	9.9	-1	-1	1	1	1	4122	1	16	4	0	-1	0	0
207	修罗隐藏相位	Tu La 	38	12	2	1	0	128	128	./Scene/Yw_Xiuluo.path	xiuluo	384	384	128	532	78	0	-1	40	56	-1	10	80	100	1	1	1	69	27	64.2	20.8	-1	-1	1	1	1	4122	1	16	4	0	-1	0	0
208	修罗-主线-震位定穴	Tu La 	38	12	2	1	0	128	128	./Scene/Yw_Xiuluo.path	xiuluo	384	384	128	532	79	0	-1	40	56	-1	10	80	100	1	1	1	76.9	77.6	64.2	20.8	-1	-1	1	1	1	4122	1	16	4	0	-1	0	0
209	妖兽突袭-蟠龙峰-相位-入口NPC_ID：735	Bàn Long Phong 	40	14	2	1	0	128	128	./Scene/Yw_Panlongfeng.path	panlongfeng	384	384	128	206	29	0	-1	40	56	-1	18	80	100	1	1	1	26.63	16.85	26.63	16.85	-1	-1	1	1	1	-1	1	16	4	1	-1	0	0
210	妖兽突袭-蟠龙峰-相位-入口NPC_ID：736	Bàn Long Phong 	40	14	2	1	0	128	128	./Scene/Yw_Panlongfeng.path	panlongfeng	384	384	128	206	29	0	-1	40	56	-1	18	80	100	1	1	1	91.47	22.82	91.47	22.82	-1	-1	1	1	1	-1	1	16	4	1	-1	0	0
211	妖兽突袭-蟠龙峰-相位-入口NPC_ID：737	Bàn Long Phong 	40	14	2	1	0	128	128	./Scene/Yw_Panlongfeng.path	panlongfeng	384	384	128	206	29	0	-1	40	56	-1	18	80	100	1	1	1	106.22	59.2	106.22	59.2	-1	-1	1	1	1	-1	1	16	4	1	-1	0	0
212	妖兽突袭-蟠龙峰-相位-入口NPC_ID：738	Bàn Long Phong 	40	14	2	1	0	128	128	./Scene/Yw_Panlongfeng.path	panlongfeng	384	384	128	206	29	0	-1	40	56	-1	18	80	100	1	1	1	106.07	103.26	106.07	103.26	-1	-1	1	1	1	-1	1	16	4	1	-1	0	0
213	妖兽突袭-蟠龙峰-相位-入口NPC_ID：739	Bàn Long Phong 	40	14	2	1	0	128	128	./Scene/Yw_Panlongfeng.path	panlongfeng	384	384	128	206	29	0	-1	40	56	-1	18	80	100	1	1	1	40.55	94.13	40.55	94.13	-1	-1	1	1	1	-1	1	16	4	1	-1	0	0
214	妖兽突袭-蟠龙峰-相位-入口NPC_ID：740	Bàn Long Phong 	40	14	2	1	0	128	128	./Scene/Yw_Panlongfeng.path	panlongfeng	384	384	128	206	29	0	-1	40	56	-1	18	80	100	1	1	1	20.36	80.96	20.36	80.96	-1	-1	1	1	1	-1	1	16	4	1	-1	0	0
215	飞升-主线-破魔渡劫	Phá ma độ kiếp	20	12	2	1	0	128	128	./Scene/Yw_Kunlunshan.path	kunlunshan	384	384	128	206	80	0	-1	40	56	-1	18	80	100	1	1	1	88	88	88	88	-1	-1	1	1	1	4122	1	16	4	0	-1	0	0
216	飞升-支线-相助	Hồng Mông Cổ Địa 	37	4	2	1	0	128	128	./Scene/Yw_Hongmenggudi.path	None	320	320	64	206	81	0	-1	40	56	-1	18	80	100	1	1	1	112	43	112	43	-1	-1	1	1	1	4122	1	16	4	0	-1	0	0
217	河阳城-隐藏任务-炼器失败	Hà Dương Thành 	7	4	2	1	0	128	128	./Scene/Zc_Heyangcheng.path	heyangcheng	384	384	128	99	83	0	-1	40	56	-1	16	80	100	1	1	1	82	94	82	94	-1	-1	0	0	1	4122	1	16	4	0	-1	0	0
218	副本	Đánh bại năm thú	21	6	2	1	0	37	74	./Scene/Fb_Menghuiheyang.path	menghuiheyang	222	222	74	30	85	0	-1	5	10	-1	10	80	100	1	1	1	13	16	13	16	-1	-1	0	0	1	-1	0	16	4	0	-1	0	0
219	【废弃】主线-背水一战	Trường sinh giới	41	12	2	0	1	512	512	./Scene/Bw_Shangguyijie.path	heyangcheng	128	128	512	485	87	0	-1	40	56	-1	18	80	100	1	1	1	199.9	35.6	199.9	35.6	-1	-1	0	0	1	4122	1	16	4	0	-1	0	0
700	跨服-主城	Thượng cổ diễn võ trường	109	17	0	0	1	128	128	./Scene/Yw_Zhanshendian.path	shangguyijie	384	384	128	653	0	0	-1	40	56	-1	8	80	100	1	1	1	42.8	29.5	42.8	29.5	-1	-1	1	1	120	-1	1	16	4	0	-1	0	0
701	跨服组队副本休息室	Phó bản phòng nghỉ ngơi	6	3	1	0	1	40	40	./Scene/Fb_xiuzhenxianmolu.path	huanyuedongfu	144	144	40	640	0	0	-1	20	28	-1	12	80	100	1	1	0	16	23	16	23	-1	-1	1	1	1	-1	1	16	4	0	-1	0	0
702	跨服比武休息室	Luận võ phòng nghỉ ngơi	6	3	1	0	1	40	40	./Scene/Fb_xiuzhenxianmolu.path	huanyuedongfu	144	144	40	640	0	0	-1	20	28	-1	12	80	100	1	1	0	16	23	16	23	-1	-1	1	1	1	-1	1	16	4	0	-1	0	0
703	跨服比武场地	Vương giả tranh bá	107	8	2	0	1	64	64	./Scene/Fb_Wangzhezhengba.path	wangzhezhengba	192	192	64	1	82	1	-1	40	56	-1	10	80	100	0	0	0	32.39	30	32.39	30	-1	-1	0	0	1	-1	1	1000	4	0	-1	0	0
704	跨服-王者争霸-擂鼓助战场景	Nổi trống trợ chiến	6	0	1	1	1	40	40	./Scene/Fb_xiuzhenxianmolu.path	huanyuedongfu	144	144	40	57	0	0	-1	40	56	-1	10	80	100	1	1	1	16	23	16	23	-1	-1	1	1	1	-1	1	16	4	0	-1	0	0
705	大世界监狱	Giam Ngục  - vượt phục	16	18	1	0	1	33	33	./Scene/Fb_dixuedong.path	dixuedong	96	96	33	120	0	0	-1	40	56	-1	8	80	100	1	1	0	16.38	24.88	16.38	24.88	-1	-1	0	0	1	-1	1	16	4	0	-1	0	0
1000	帮派属地（1000-1500	Bang Phái Chúc Địa 	10	5	3	1	0	50	50	./Scene/Fb_Banghuishudi.path	banghuishudi	150	150	50	64	0	0	-1	20	28	-1	12	80	100	1	1	0	32	32	32	32	-1	-1	1	1	1	-1	1	16	4	0	-1	0	0
1001	帮派属地（1000-1500	Bang Phái Chúc Địa 	10	5	3	1	0	50	50	./Scene/Fb_Banghuishudi.path	banghuishudi	150	150	50	64	0	0	-1	20	28	-1	12	80	100	1	1	0	32	32	32	32	-1	-1	1	1	1	-1	1	16	4	0	-1	0	0
1002	帮派属地（1000-1500	Bang Phái Chúc Địa 	10	5	3	1	0	50	50	./Scene/Fb_Banghuishudi.path	banghuishudi	150	150	50	64	0	0	-1	20	28	-1	12	80	100	1	1	0	32	32	32	32	-1	-1	1	1	1	-1	1	16	4	0	-1	0	0
1003	帮派属地（1000-1500	Bang Phái Chúc Địa 	10	5	3	1	0	50	50	./Scene/Fb_Banghuishudi.path	banghuishudi	150	150	50	64	0	0	-1	20	28	-1	12	80	100	1	1	0	32	32	32	32	-1	-1	1	1	1	-1	1	16	4	0	-1	0	0
1004	帮派属地（1000-1500	Bang Phái Chúc Địa 	10	5	3	1	0	50	50	./Scene/Fb_Banghuishudi.path	banghuishudi	150	150	50	64	0	0	-1	20	28	-1	12	80	100	1	1	0	32	32	32	32	-1	-1	1	1	1	-1	1	16	4	0	-1	0	0
1005	帮派属地（1000-1500	Bang Phái Chúc Địa 	10	5	3	1	0	50	50	./Scene/Fb_Banghuishudi.path	banghuishudi	150	150	50	64	0	0	-1	20	28	-1	12	80	100	1	1	0	32	32	32	32	-1	-1	1	1	1	-1	1	16	4	0	-1	0	0
1006	帮派属地（1000-1500	Bang Phái Chúc Địa 	10	5	3	1	0	50	50	./Scene/Fb_Banghuishudi.path	banghuishudi	150	150	50	64	0	0	-1	20	28	-1	12	80	100	1	1	0	32	32	32	32	-1	-1	1	1	1	-1	1	16	4	0	-1	0	0
1007	帮派属地（1000-1500	Bang Phái Chúc Địa 	10	5	3	1	0	50	50	./Scene/Fb_Banghuishudi.path	banghuishudi	150	150	50	64	0	0	-1	20	28	-1	12	80	100	1	1	0	32	32	32	32	-1	-1	1	1	1	-1	1	16	4	0	-1	0	0
1008	帮派属地（1000-1500	Bang Phái Chúc Địa 	10	5	3	1	0	50	50	./Scene/Fb_Banghuishudi.path	banghuishudi	150	150	50	64	0	0	-1	20	28	-1	12	80	100	1	1	0	32	32	32	32	-1	-1	1	1	1	-1	1	16	4	0	-1	0	0
1009	帮派属地（1000-1500	Bang Phái Chúc Địa 	10	5	3	1	0	50	50	./Scene/Fb_Banghuishudi.path	banghuishudi	150	150	50	64	0	0	-1	20	28	-1	12	80	100	1	1	0	32	32	32	32	-1	-1	1	1	1	-1	1	16	4	0	-1	0	0
1010	帮派属地（1000-1500	Bang Phái Chúc Địa 	10	5	3	1	0	50	50	./Scene/Fb_Banghuishudi.path	banghuishudi	150	150	50	64	0	0	-1	20	28	-1	12	80	100	1	1	0	32	32	32	32	-1	-1	1	1	1	-1	1	16	4	0	-1	0	0
1011	帮派属地（1000-1500	Bang Phái Chúc Địa 	10	5	3	1	0	50	50	./Scene/Fb_Banghuishudi.path	banghuishudi	150	150	50	64	0	0	-1	20	28	-1	12	80	100	1	1	0	32	32	32	32	-1	-1	1	1	1	-1	1	16	4	0	-1	0	0
1012	帮派属地（1000-1500	Bang Phái Chúc Địa 	10	5	3	1	0	50	50	./Scene/Fb_Banghuishudi.path	banghuishudi	150	150	50	64	0	0	-1	20	28	-1	12	80	100	1	1	0	32	32	32	32	-1	-1	1	1	1	-1	1	16	4	0	-1	0	0
1013	帮派属地（1000-1500	Bang Phái Chúc Địa 	10	5	3	1	0	50	50	./Scene/Fb_Banghuishudi.path	banghuishudi	150	150	50	64	0	0	-1	20	28	-1	12	80	100	1	1	0	32	32	32	32	-1	-1	1	1	1	-1	1	16	4	0	-1	0	0
1014	帮派属地（1000-1500	Bang Phái Chúc Địa 	10	5	3	1	0	50	50	./Scene/Fb_Banghuishudi.path	banghuishudi	150	150	50	64	0	0	-1	20	28	-1	12	80	100	1	1	0	32	32	32	32	-1	-1	1	1	1	-1	1	16	4	0	-1	0	0
1015	帮派属地（1000-1500	Bang Phái Chúc Địa 	10	5	3	1	0	50	50	./Scene/Fb_Banghuishudi.path	banghuishudi	150	150	50	64	0	0	-1	20	28	-1	12	80	100	1	1	0	32	32	32	32	-1	-1	1	1	1	-1	1	16	4	0	-1	0	0
1016	帮派属地（1000-1500	Bang Phái Chúc Địa 	10	5	3	1	0	50	50	./Scene/Fb_Banghuishudi.path	banghuishudi	150	150	50	64	0	0	-1	20	28	-1	12	80	100	1	1	0	32	32	32	32	-1	-1	1	1	1	-1	1	16	4	0	-1	0	0
1017	帮派属地（1000-1500	Bang Phái Chúc Địa 	10	5	3	1	0	50	50	./Scene/Fb_Banghuishudi.path	banghuishudi	150	150	50	64	0	0	-1	20	28	-1	12	80	100	1	1	0	32	32	32	32	-1	-1	1	1	1	-1	1	16	4	0	-1	0	0
1018	帮派属地（1000-1500	Bang Phái Chúc Địa 	10	5	3	1	0	50	50	./Scene/Fb_Banghuishudi.path	banghuishudi	150	150	50	64	0	0	-1	20	28	-1	12	80	100	1	1	0	32	32	32	32	-1	-1	1	1	1	-1	1	16	4	0	-1	0	0
1019	帮派属地（1000-1500	Bang Phái Chúc Địa 	10	5	3	1	0	50	50	./Scene/Fb_Banghuishudi.path	banghuishudi	150	150	50	64	0	0	-1	20	28	-1	12	80	100	1	1	0	32	32	32	32	-1	-1	1	1	1	-1	1	16	4	0	-1	0	0
1020	帮派属地（1000-1500	Bang Phái Chúc Địa 	10	5	3	1	0	50	50	./Scene/Fb_Banghuishudi.path	banghuishudi	150	150	50	64	0	0	-1	20	28	-1	12	80	100	1	1	0	32	32	32	32	-1	-1	1	1	1	-1	1	16	4	0	-1	0	0
1021	帮派属地（1000-1500	Bang Phái Chúc Địa 	10	5	3	1	0	50	50	./Scene/Fb_Banghuishudi.path	banghuishudi	150	150	50	64	0	0	-1	20	28	-1	12	80	100	1	1	0	32	32	32	32	-1	-1	1	1	1	-1	1	16	4	0	-1	0	0
1022	帮派属地（1000-1500	Bang Phái Chúc Địa 	10	5	3	1	0	50	50	./Scene/Fb_Banghuishudi.path	banghuishudi	150	150	50	64	0	0	-1	20	28	-1	12	80	100	1	1	0	32	32	32	32	-1	-1	1	1	1	-1	1	16	4	0	-1	0	0
1023	帮派属地（1000-1500	Bang Phái Chúc Địa 	10	5	3	1	0	50	50	./Scene/Fb_Banghuishudi.path	banghuishudi	150	150	50	64	0	0	-1	20	28	-1	12	80	100	1	1	0	32	32	32	32	-1	-1	1	1	1	-1	1	16	4	0	-1	0	0
1024	帮派属地（1000-1500	Bang Phái Chúc Địa 	10	5	3	1	0	50	50	./Scene/Fb_Banghuishudi.path	banghuishudi	150	150	50	64	0	0	-1	20	28	-1	12	80	100	1	1	0	32	32	32	32	-1	-1	1	1	1	-1	1	16	4	0	-1	0	0
1025	帮派属地（1000-1500	Bang Phái Chúc Địa 	10	5	3	1	0	50	50	./Scene/Fb_Banghuishudi.path	banghuishudi	150	150	50	64	0	0	-1	20	28	-1	12	80	100	1	1	0	32	32	32	32	-1	-1	1	1	1	-1	1	16	4	0	-1	0	0
1026	帮派属地（1000-1500	Bang Phái Chúc Địa 	10	5	3	1	0	50	50	./Scene/Fb_Banghuishudi.path	banghuishudi	150	150	50	64	0	0	-1	20	28	-1	12	80	100	1	1	0	32	32	32	32	-1	-1	1	1	1	-1	1	16	4	0	-1	0	0
1027	帮派属地（1000-1500	Bang Phái Chúc Địa 	10	5	3	1	0	50	50	./Scene/Fb_Banghuishudi.path	banghuishudi	150	150	50	64	0	0	-1	20	28	-1	12	80	100	1	1	0	32	32	32	32	-1	-1	1	1	1	-1	1	16	4	0	-1	0	0
1028	帮派属地（1000-1500	Bang Phái Chúc Địa 	10	5	3	1	0	50	50	./Scene/Fb_Banghuishudi.path	banghuishudi	150	150	50	64	0	0	-1	20	28	-1	12	80	100	1	1	0	32	32	32	32	-1	-1	1	1	1	-1	1	16	4	0	-1	0	0
1029	帮派属地（1000-1500	Bang Phái Chúc Địa 	10	5	3	1	0	50	50	./Scene/Fb_Banghuishudi.path	banghuishudi	150	150	50	64	0	0	-1	20	28	-1	12	80	100	1	1	0	32	32	32	32	-1	-1	1	1	1	-1	1	16	4	0	-1	0	0
1030	帮派属地（1000-1500	Bang Phái Chúc Địa 	10	5	3	1	0	50	50	./Scene/Fb_Banghuishudi.path	banghuishudi	150	150	50	64	0	0	-1	20	28	-1	12	80	100	1	1	0	32	32	32	32	-1	-1	1	1	1	-1	1	16	4	0	-1	0	0
1031	帮派属地（1000-1500	Bang Phái Chúc Địa 	10	5	3	1	0	50	50	./Scene/Fb_Banghuishudi.path	banghuishudi	150	150	50	64	0	0	-1	20	28	-1	12	80	100	1	1	0	32	32	32	32	-1	-1	1	1	1	-1	1	16	4	0	-1	0	0
1032	帮派属地（1000-1500	Bang Phái Chúc Địa 	10	5	3	1	0	50	50	./Scene/Fb_Banghuishudi.path	banghuishudi	150	150	50	64	0	0	-1	20	28	-1	12	80	100	1	1	0	32	32	32	32	-1	-1	1	1	1	-1	1	16	4	0	-1	0	0
1033	帮派属地（1000-1500	Bang Phái Chúc Địa 	10	5	3	1	0	50	50	./Scene/Fb_Banghuishudi.path	banghuishudi	150	150	50	64	0	0	-1	20	28	-1	12	80	100	1	1	0	32	32	32	32	-1	-1	1	1	1	-1	1	16	4	0	-1	0	0
1034	帮派属地（1000-1500	Bang Phái Chúc Địa 	10	5	3	1	0	50	50	./Scene/Fb_Banghuishudi.path	banghuishudi	150	150	50	64	0	0	-1	20	28	-1	12	80	100	1	1	0	32	32	32	32	-1	-1	1	1	1	-1	1	16	4	0	-1	0	0
1035	帮派属地（1000-1500	Bang Phái Chúc Địa 	10	5	3	1	0	50	50	./Scene/Fb_Banghuishudi.path	banghuishudi	150	150	50	64	0	0	-1	20	28	-1	12	80	100	1	1	0	32	32	32	32	-1	-1	1	1	1	-1	1	16	4	0	-1	0	0
1036	帮派属地（1000-1500	Bang Phái Chúc Địa 	10	5	3	1	0	50	50	./Scene/Fb_Banghuishudi.path	banghuishudi	150	150	50	64	0	0	-1	20	28	-1	12	80	100	1	1	0	32	32	32	32	-1	-1	1	1	1	-1	1	16	4	0	-1	0	0
1037	帮派属地（1000-1500	Bang Phái Chúc Địa 	10	5	3	1	0	50	50	./Scene/Fb_Banghuishudi.path	banghuishudi	150	150	50	64	0	0	-1	20	28	-1	12	80	100	1	1	0	32	32	32	32	-1	-1	1	1	1	-1	1	16	4	0	-1	0	0
1038	帮派属地（1000-1500	Bang Phái Chúc Địa 	10	5	3	1	0	50	50	./Scene/Fb_Banghuishudi.path	banghuishudi	150	150	50	64	0	0	-1	20	28	-1	12	80	100	1	1	0	32	32	32	32	-1	-1	1	1	1	-1	1	16	4	0	-1	0	0
1039	帮派属地（1000-1500	Bang Phái Chúc Địa 	10	5	3	1	0	50	50	./Scene/Fb_Banghuishudi.path	banghuishudi	150	150	50	64	0	0	-1	20	28	-1	12	80	100	1	1	0	32	32	32	32	-1	-1	1	1	1	-1	1	16	4	0	-1	0	0
1040	帮派属地（1000-1500	Bang Phái Chúc Địa 	10	5	3	1	0	50	50	./Scene/Fb_Banghuishudi.path	banghuishudi	150	150	50	64	0	0	-1	20	28	-1	12	80	100	1	1	0	32	32	32	32	-1	-1	1	1	1	-1	1	16	4	0	-1	0	0
1041	帮派属地（1000-1500	Bang Phái Chúc Địa 	10	5	3	1	0	50	50	./Scene/Fb_Banghuishudi.path	banghuishudi	150	150	50	64	0	0	-1	20	28	-1	12	80	100	1	1	0	32	32	32	32	-1	-1	1	1	1	-1	1	16	4	0	-1	0	0
1042	帮派属地（1000-1500	Bang Phái Chúc Địa 	10	5	3	1	0	50	50	./Scene/Fb_Banghuishudi.path	banghuishudi	150	150	50	64	0	0	-1	20	28	-1	12	80	100	1	1	0	32	32	32	32	-1	-1	1	1	1	-1	1	16	4	0	-1	0	0
1043	帮派属地（1000-1500	Bang Phái Chúc Địa 	10	5	3	1	0	50	50	./Scene/Fb_Banghuishudi.path	banghuishudi	150	150	50	64	0	0	-1	20	28	-1	12	80	100	1	1	0	32	32	32	32	-1	-1	1	1	1	-1	1	16	4	0	-1	0	0
1044	帮派属地（1000-1500	Bang Phái Chúc Địa 	10	5	3	1	0	50	50	./Scene/Fb_Banghuishudi.path	banghuishudi	150	150	50	64	0	0	-1	20	28	-1	12	80	100	1	1	0	32	32	32	32	-1	-1	1	1	1	-1	1	16	4	0	-1	0	0
1045	帮派属地（1000-1500	Bang Phái Chúc Địa 	10	5	3	1	0	50	50	./Scene/Fb_Banghuishudi.path	banghuishudi	150	150	50	64	0	0	-1	20	28	-1	12	80	100	1	1	0	32	32	32	32	-1	-1	1	1	1	-1	1	16	4	0	-1	0	0
1046	帮派属地（1000-1500	Bang Phái Chúc Địa 	10	5	3	1	0	50	50	./Scene/Fb_Banghuishudi.path	banghuishudi	150	150	50	64	0	0	-1	20	28	-1	12	80	100	1	1	0	32	32	32	32	-1	-1	1	1	1	-1	1	16	4	0	-1	0	0
1047	帮派属地（1000-1500	Bang Phái Chúc Địa 	10	5	3	1	0	50	50	./Scene/Fb_Banghuishudi.path	banghuishudi	150	150	50	64	0	0	-1	20	28	-1	12	80	100	1	1	0	32	32	32	32	-1	-1	1	1	1	-1	1	16	4	0	-1	0	0
1048	帮派属地（1000-1500	Bang Phái Chúc Địa 	10	5	3	1	0	50	50	./Scene/Fb_Banghuishudi.path	banghuishudi	150	150	50	64	0	0	-1	20	28	-1	12	80	100	1	1	0	32	32	32	32	-1	-1	1	1	1	-1	1	16	4	0	-1	0	0
1049	帮派属地（1000-1500	Bang Phái Chúc Địa 	10	5	3	1	0	50	50	./Scene/Fb_Banghuishudi.path	banghuishudi	150	150	50	64	0	0	-1	20	28	-1	12	80	100	1	1	0	32	32	32	32	-1	-1	1	1	1	-1	1	16	4	0	-1	0	0
1050	帮派属地（1000-1500	Bang Phái Chúc Địa 	10	5	3	1	0	50	50	./Scene/Fb_Banghuishudi.path	banghuishudi	150	150	50	64	0	0	-1	20	28	-1	12	80	100	1	1	0	32	32	32	32	-1	-1	1	1	1	-1	1	16	4	0	-1	0	0
1051	帮派属地（1000-1500	Bang Phái Chúc Địa 	10	5	3	1	0	50	50	./Scene/Fb_Banghuishudi.path	banghuishudi	150	150	50	64	0	0	-1	20	28	-1	12	80	100	1	1	0	32	32	32	32	-1	-1	1	1	1	-1	1	16	4	0	-1	0	0
1052	帮派属地（1000-1500	Bang Phái Chúc Địa 	10	5	3	1	0	50	50	./Scene/Fb_Banghuishudi.path	banghuishudi	150	150	50	64	0	0	-1	20	28	-1	12	80	100	1	1	0	32	32	32	32	-1	-1	1	1	1	-1	1	16	4	0	-1	0	0
1053	帮派属地（1000-1500	Bang Phái Chúc Địa 	10	5	3	1	0	50	50	./Scene/Fb_Banghuishudi.path	banghuishudi	150	150	50	64	0	0	-1	20	28	-1	12	80	100	1	1	0	32	32	32	32	-1	-1	1	1	1	-1	1	16	4	0	-1	0	0
1054	帮派属地（1000-1500	Bang Phái Chúc Địa 	10	5	3	1	0	50	50	./Scene/Fb_Banghuishudi.path	banghuishudi	150	150	50	64	0	0	-1	20	28	-1	12	80	100	1	1	0	32	32	32	32	-1	-1	1	1	1	-1	1	16	4	0	-1	0	0
1055	帮派属地（1000-1500	Bang Phái Chúc Địa 	10	5	3	1	0	50	50	./Scene/Fb_Banghuishudi.path	banghuishudi	150	150	50	64	0	0	-1	20	28	-1	12	80	100	1	1	0	32	32	32	32	-1	-1	1	1	1	-1	1	16	4	0	-1	0	0
1056	帮派属地（1000-1500	Bang Phái Chúc Địa 	10	5	3	1	0	50	50	./Scene/Fb_Banghuishudi.path	banghuishudi	150	150	50	64	0	0	-1	20	28	-1	12	80	100	1	1	0	32	32	32	32	-1	-1	1	1	1	-1	1	16	4	0	-1	0	0
1057	帮派属地（1000-1500	Bang Phái Chúc Địa 	10	5	3	1	0	50	50	./Scene/Fb_Banghuishudi.path	banghuishudi	150	150	50	64	0	0	-1	20	28	-1	12	80	100	1	1	0	32	32	32	32	-1	-1	1	1	1	-1	1	16	4	0	-1	0	0
1058	帮派属地（1000-1500	Bang Phái Chúc Địa 	10	5	3	1	0	50	50	./Scene/Fb_Banghuishudi.path	banghuishudi	150	150	50	64	0	0	-1	20	28	-1	12	80	100	1	1	0	32	32	32	32	-1	-1	1	1	1	-1	1	16	4	0	-1	0	0
1059	帮派属地（1000-1500	Bang Phái Chúc Địa 	10	5	3	1	0	50	50	./Scene/Fb_Banghuishudi.path	banghuishudi	150	150	50	64	0	0	-1	20	28	-1	12	80	100	1	1	0	32	32	32	32	-1	-1	1	1	1	-1	1	16	4	0	-1	0	0
1060	帮派属地（1000-1500	Bang Phái Chúc Địa 	10	5	3	1	0	50	50	./Scene/Fb_Banghuishudi.path	banghuishudi	150	150	50	64	0	0	-1	20	28	-1	12	80	100	1	1	0	32	32	32	32	-1	-1	1	1	1	-1	1	16	4	0	-1	0	0
1061	帮派属地（1000-1500	Bang Phái Chúc Địa 	10	5	3	1	0	50	50	./Scene/Fb_Banghuishudi.path	banghuishudi	150	150	50	64	0	0	-1	20	28	-1	12	80	100	1	1	0	32	32	32	32	-1	-1	1	1	1	-1	1	16	4	0	-1	0	0
1062	帮派属地（1000-1500	Bang Phái Chúc Địa 	10	5	3	1	0	50	50	./Scene/Fb_Banghuishudi.path	banghuishudi	150	150	50	64	0	0	-1	20	28	-1	12	80	100	1	1	0	32	32	32	32	-1	-1	1	1	1	-1	1	16	4	0	-1	0	0
1063	帮派属地（1000-1500	Bang Phái Chúc Địa 	10	5	3	1	0	50	50	./Scene/Fb_Banghuishudi.path	banghuishudi	150	150	50	64	0	0	-1	20	28	-1	12	80	100	1	1	0	32	32	32	32	-1	-1	1	1	1	-1	1	16	4	0	-1	0	0
1064	帮派属地（1000-1500	Bang Phái Chúc Địa 	10	5	3	1	0	50	50	./Scene/Fb_Banghuishudi.path	banghuishudi	150	150	50	64	0	0	-1	20	28	-1	12	80	100	1	1	0	32	32	32	32	-1	-1	1	1	1	-1	1	16	4	0	-1	0	0
1065	帮派属地（1000-1500	Bang Phái Chúc Địa 	10	5	3	1	0	50	50	./Scene/Fb_Banghuishudi.path	banghuishudi	150	150	50	64	0	0	-1	20	28	-1	12	80	100	1	1	0	32	32	32	32	-1	-1	1	1	1	-1	1	16	4	0	-1	0	0
1066	帮派属地（1000-1500	Bang Phái Chúc Địa 	10	5	3	1	0	50	50	./Scene/Fb_Banghuishudi.path	banghuishudi	150	150	50	64	0	0	-1	20	28	-1	12	80	100	1	1	0	32	32	32	32	-1	-1	1	1	1	-1	1	16	4	0	-1	0	0
1067	帮派属地（1000-1500	Bang Phái Chúc Địa 	10	5	3	1	0	50	50	./Scene/Fb_Banghuishudi.path	banghuishudi	150	150	50	64	0	0	-1	20	28	-1	12	80	100	1	1	0	32	32	32	32	-1	-1	1	1	1	-1	1	16	4	0	-1	0	0
1068	帮派属地（1000-1500	Bang Phái Chúc Địa 	10	5	3	1	0	50	50	./Scene/Fb_Banghuishudi.path	banghuishudi	150	150	50	64	0	0	-1	20	28	-1	12	80	100	1	1	0	32	32	32	32	-1	-1	1	1	1	-1	1	16	4	0	-1	0	0
1069	帮派属地（1000-1500	Bang Phái Chúc Địa 	10	5	3	1	0	50	50	./Scene/Fb_Banghuishudi.path	banghuishudi	150	150	50	64	0	0	-1	20	28	-1	12	80	100	1	1	0	32	32	32	32	-1	-1	1	1	1	-1	1	16	4	0	-1	0	0
1070	帮派属地（1000-1500	Bang Phái Chúc Địa 	10	5	3	1	0	50	50	./Scene/Fb_Banghuishudi.path	banghuishudi	150	150	50	64	0	0	-1	20	28	-1	12	80	100	1	1	0	32	32	32	32	-1	-1	1	1	1	-1	1	16	4	0	-1	0	0
1071	帮派属地（1000-1500	Bang Phái Chúc Địa 	10	5	3	1	0	50	50	./Scene/Fb_Banghuishudi.path	banghuishudi	150	150	50	64	0	0	-1	20	28	-1	12	80	100	1	1	0	32	32	32	32	-1	-1	1	1	1	-1	1	16	4	0	-1	0	0
1072	帮派属地（1000-1500	Bang Phái Chúc Địa 	10	5	3	1	0	50	50	./Scene/Fb_Banghuishudi.path	banghuishudi	150	150	50	64	0	0	-1	20	28	-1	12	80	100	1	1	0	32	32	32	32	-1	-1	1	1	1	-1	1	16	4	0	-1	0	0
1073	帮派属地（1000-1500	Bang Phái Chúc Địa 	10	5	3	1	0	50	50	./Scene/Fb_Banghuishudi.path	banghuishudi	150	150	50	64	0	0	-1	20	28	-1	12	80	100	1	1	0	32	32	32	32	-1	-1	1	1	1	-1	1	16	4	0	-1	0	0
1074	帮派属地（1000-1500	Bang Phái Chúc Địa 	10	5	3	1	0	50	50	./Scene/Fb_Banghuishudi.path	banghuishudi	150	150	50	64	0	0	-1	20	28	-1	12	80	100	1	1	0	32	32	32	32	-1	-1	1	1	1	-1	1	16	4	0	-1	0	0
1075	帮派属地（1000-1500	Bang Phái Chúc Địa 	10	5	3	1	0	50	50	./Scene/Fb_Banghuishudi.path	banghuishudi	150	150	50	64	0	0	-1	20	28	-1	12	80	100	1	1	0	32	32	32	32	-1	-1	1	1	1	-1	1	16	4	0	-1	0	0
1076	帮派属地（1000-1500	Bang Phái Chúc Địa 	10	5	3	1	0	50	50	./Scene/Fb_Banghuishudi.path	banghuishudi	150	150	50	64	0	0	-1	20	28	-1	12	80	100	1	1	0	32	32	32	32	-1	-1	1	1	1	-1	1	16	4	0	-1	0	0
1077	帮派属地（1000-1500	Bang Phái Chúc Địa 	10	5	3	1	0	50	50	./Scene/Fb_Banghuishudi.path	banghuishudi	150	150	50	64	0	0	-1	20	28	-1	12	80	100	1	1	0	32	32	32	32	-1	-1	1	1	1	-1	1	16	4	0	-1	0	0
1078	帮派属地（1000-1500	Bang Phái Chúc Địa 	10	5	3	1	0	50	50	./Scene/Fb_Banghuishudi.path	banghuishudi	150	150	50	64	0	0	-1	20	28	-1	12	80	100	1	1	0	32	32	32	32	-1	-1	1	1	1	-1	1	16	4	0	-1	0	0
1079	帮派属地（1000-1500	Bang Phái Chúc Địa 	10	5	3	1	0	50	50	./Scene/Fb_Banghuishudi.path	banghuishudi	150	150	50	64	0	0	-1	20	28	-1	12	80	100	1	1	0	32	32	32	32	-1	-1	1	1	1	-1	1	16	4	0	-1	0	0
1080	帮派属地（1000-1500	Bang Phái Chúc Địa 	10	5	3	1	0	50	50	./Scene/Fb_Banghuishudi.path	banghuishudi	150	150	50	64	0	0	-1	20	28	-1	12	80	100	1	1	0	32	32	32	32	-1	-1	1	1	1	-1	1	16	4	0	-1	0	0
1081	帮派属地（1000-1500	Bang Phái Chúc Địa 	10	5	3	1	0	50	50	./Scene/Fb_Banghuishudi.path	banghuishudi	150	150	50	64	0	0	-1	20	28	-1	12	80	100	1	1	0	32	32	32	32	-1	-1	1	1	1	-1	1	16	4	0	-1	0	0
1082	帮派属地（1000-1500	Bang Phái Chúc Địa 	10	5	3	1	0	50	50	./Scene/Fb_Banghuishudi.path	banghuishudi	150	150	50	64	0	0	-1	20	28	-1	12	80	100	1	1	0	32	32	32	32	-1	-1	1	1	1	-1	1	16	4	0	-1	0	0
1083	帮派属地（1000-1500	Bang Phái Chúc Địa 	10	5	3	1	0	50	50	./Scene/Fb_Banghuishudi.path	banghuishudi	150	150	50	64	0	0	-1	20	28	-1	12	80	100	1	1	0	32	32	32	32	-1	-1	1	1	1	-1	1	16	4	0	-1	0	0
1084	帮派属地（1000-1500	Bang Phái Chúc Địa 	10	5	3	1	0	50	50	./Scene/Fb_Banghuishudi.path	banghuishudi	150	150	50	64	0	0	-1	20	28	-1	12	80	100	1	1	0	32	32	32	32	-1	-1	1	1	1	-1	1	16	4	0	-1	0	0
1085	帮派属地（1000-1500	Bang Phái Chúc Địa 	10	5	3	1	0	50	50	./Scene/Fb_Banghuishudi.path	banghuishudi	150	150	50	64	0	0	-1	20	28	-1	12	80	100	1	1	0	32	32	32	32	-1	-1	1	1	1	-1	1	16	4	0	-1	0	0
1086	帮派属地（1000-1500	Bang Phái Chúc Địa 	10	5	3	1	0	50	50	./Scene/Fb_Banghuishudi.path	banghuishudi	150	150	50	64	0	0	-1	20	28	-1	12	80	100	1	1	0	32	32	32	32	-1	-1	1	1	1	-1	1	16	4	0	-1	0	0
1087	帮派属地（1000-1500	Bang Phái Chúc Địa 	10	5	3	1	0	50	50	./Scene/Fb_Banghuishudi.path	banghuishudi	150	150	50	64	0	0	-1	20	28	-1	12	80	100	1	1	0	32	32	32	32	-1	-1	1	1	1	-1	1	16	4	0	-1	0	0
1088	帮派属地（1000-1500	Bang Phái Chúc Địa 	10	5	3	1	0	50	50	./Scene/Fb_Banghuishudi.path	banghuishudi	150	150	50	64	0	0	-1	20	28	-1	12	80	100	1	1	0	32	32	32	32	-1	-1	1	1	1	-1	1	16	4	0	-1	0	0
1089	帮派属地（1000-1500	Bang Phái Chúc Địa 	10	5	3	1	0	50	50	./Scene/Fb_Banghuishudi.path	banghuishudi	150	150	50	64	0	0	-1	20	28	-1	12	80	100	1	1	0	32	32	32	32	-1	-1	1	1	1	-1	1	16	4	0	-1	0	0
1090	帮派属地（1000-1500	Bang Phái Chúc Địa 	10	5	3	1	0	50	50	./Scene/Fb_Banghuishudi.path	banghuishudi	150	150	50	64	0	0	-1	20	28	-1	12	80	100	1	1	0	32	32	32	32	-1	-1	1	1	1	-1	1	16	4	0	-1	0	0
1091	帮派属地（1000-1500	Bang Phái Chúc Địa 	10	5	3	1	0	50	50	./Scene/Fb_Banghuishudi.path	banghuishudi	150	150	50	64	0	0	-1	20	28	-1	12	80	100	1	1	0	32	32	32	32	-1	-1	1	1	1	-1	1	16	4	0	-1	0	0
1092	帮派属地（1000-1500	Bang Phái Chúc Địa 	10	5	3	1	0	50	50	./Scene/Fb_Banghuishudi.path	banghuishudi	150	150	50	64	0	0	-1	20	28	-1	12	80	100	1	1	0	32	32	32	32	-1	-1	1	1	1	-1	1	16	4	0	-1	0	0
1093	帮派属地（1000-1500	Bang Phái Chúc Địa 	10	5	3	1	0	50	50	./Scene/Fb_Banghuishudi.path	banghuishudi	150	150	50	64	0	0	-1	20	28	-1	12	80	100	1	1	0	32	32	32	32	-1	-1	1	1	1	-1	1	16	4	0	-1	0	0
1094	帮派属地（1000-1500	Bang Phái Chúc Địa 	10	5	3	1	0	50	50	./Scene/Fb_Banghuishudi.path	banghuishudi	150	150	50	64	0	0	-1	20	28	-1	12	80	100	1	1	0	32	32	32	32	-1	-1	1	1	1	-1	1	16	4	0	-1	0	0
1095	帮派属地（1000-1500	Bang Phái Chúc Địa 	10	5	3	1	0	50	50	./Scene/Fb_Banghuishudi.path	banghuishudi	150	150	50	64	0	0	-1	20	28	-1	12	80	100	1	1	0	32	32	32	32	-1	-1	1	1	1	-1	1	16	4	0	-1	0	0
1096	帮派属地（1000-1500	Bang Phái Chúc Địa 	10	5	3	1	0	50	50	./Scene/Fb_Banghuishudi.path	banghuishudi	150	150	50	64	0	0	-1	20	28	-1	12	80	100	1	1	0	32	32	32	32	-1	-1	1	1	1	-1	1	16	4	0	-1	0	0
1097	帮派属地（1000-1500	Bang Phái Chúc Địa 	10	5	3	1	0	50	50	./Scene/Fb_Banghuishudi.path	banghuishudi	150	150	50	64	0	0	-1	20	28	-1	12	80	100	1	1	0	32	32	32	32	-1	-1	1	1	1	-1	1	16	4	0	-1	0	0
1098	帮派属地（1000-1500	Bang Phái Chúc Địa 	10	5	3	1	0	50	50	./Scene/Fb_Banghuishudi.path	banghuishudi	150	150	50	64	0	0	-1	20	28	-1	12	80	100	1	1	0	32	32	32	32	-1	-1	1	1	1	-1	1	16	4	0	-1	0	0
1099	帮派属地（1000-1500	Bang Phái Chúc Địa 	10	5	3	1	0	50	50	./Scene/Fb_Banghuishudi.path	banghuishudi	150	150	50	64	0	0	-1	20	28	-1	12	80	100	1	1	0	32	32	32	32	-1	-1	1	1	1	-1	1	16	4	0	-1	0	0
1100	帮派属地（1000-1500	Bang Phái Chúc Địa 	10	5	3	1	0	50	50	./Scene/Fb_Banghuishudi.path	banghuishudi	150	150	50	64	0	0	-1	20	28	-1	12	80	100	1	1	0	32	32	32	32	-1	-1	1	1	1	-1	1	16	4	0	-1	0	0
1101	帮派属地（1000-1500	Bang Phái Chúc Địa 	10	5	3	1	0	50	50	./Scene/Fb_Banghuishudi.path	banghuishudi	150	150	50	64	0	0	-1	20	28	-1	12	80	100	1	1	0	32	32	32	32	-1	-1	1	1	1	-1	1	16	4	0	-1	0	0
1102	帮派属地（1000-1500	Bang Phái Chúc Địa 	10	5	3	1	0	50	50	./Scene/Fb_Banghuishudi.path	banghuishudi	150	150	50	64	0	0	-1	20	28	-1	12	80	100	1	1	0	32	32	32	32	-1	-1	1	1	1	-1	1	16	4	0	-1	0	0
1103	帮派属地（1000-1500	Bang Phái Chúc Địa 	10	5	3	1	0	50	50	./Scene/Fb_Banghuishudi.path	banghuishudi	150	150	50	64	0	0	-1	20	28	-1	12	80	100	1	1	0	32	32	32	32	-1	-1	1	1	1	-1	1	16	4	0	-1	0	0
1104	帮派属地（1000-1500	Bang Phái Chúc Địa 	10	5	3	1	0	50	50	./Scene/Fb_Banghuishudi.path	banghuishudi	150	150	50	64	0	0	-1	20	28	-1	12	80	100	1	1	0	32	32	32	32	-1	-1	1	1	1	-1	1	16	4	0	-1	0	0
1105	帮派属地（1000-1500	Bang Phái Chúc Địa 	10	5	3	1	0	50	50	./Scene/Fb_Banghuishudi.path	banghuishudi	150	150	50	64	0	0	-1	20	28	-1	12	80	100	1	1	0	32	32	32	32	-1	-1	1	1	1	-1	1	16	4	0	-1	0	0
1106	帮派属地（1000-1500	Bang Phái Chúc Địa 	10	5	3	1	0	50	50	./Scene/Fb_Banghuishudi.path	banghuishudi	150	150	50	64	0	0	-1	20	28	-1	12	80	100	1	1	0	32	32	32	32	-1	-1	1	1	1	-1	1	16	4	0	-1	0	0
1107	帮派属地（1000-1500	Bang Phái Chúc Địa 	10	5	3	1	0	50	50	./Scene/Fb_Banghuishudi.path	banghuishudi	150	150	50	64	0	0	-1	20	28	-1	12	80	100	1	1	0	32	32	32	32	-1	-1	1	1	1	-1	1	16	4	0	-1	0	0
1108	帮派属地（1000-1500	Bang Phái Chúc Địa 	10	5	3	1	0	50	50	./Scene/Fb_Banghuishudi.path	banghuishudi	150	150	50	64	0	0	-1	20	28	-1	12	80	100	1	1	0	32	32	32	32	-1	-1	1	1	1	-1	1	16	4	0	-1	0	0
1109	帮派属地（1000-1500	Bang Phái Chúc Địa 	10	5	3	1	0	50	50	./Scene/Fb_Banghuishudi.path	banghuishudi	150	150	50	64	0	0	-1	20	28	-1	12	80	100	1	1	0	32	32	32	32	-1	-1	1	1	1	-1	1	16	4	0	-1	0	0
1110	帮派属地（1000-1500	Bang Phái Chúc Địa 	10	5	3	1	0	50	50	./Scene/Fb_Banghuishudi.path	banghuishudi	150	150	50	64	0	0	-1	20	28	-1	12	80	100	1	1	0	32	32	32	32	-1	-1	1	1	1	-1	1	16	4	0	-1	0	0
1111	帮派属地（1000-1500	Bang Phái Chúc Địa 	10	5	3	1	0	50	50	./Scene/Fb_Banghuishudi.path	banghuishudi	150	150	50	64	0	0	-1	20	28	-1	12	80	100	1	1	0	32	32	32	32	-1	-1	1	1	1	-1	1	16	4	0	-1	0	0
1112	帮派属地（1000-1500	Bang Phái Chúc Địa 	10	5	3	1	0	50	50	./Scene/Fb_Banghuishudi.path	banghuishudi	150	150	50	64	0	0	-1	20	28	-1	12	80	100	1	1	0	32	32	32	32	-1	-1	1	1	1	-1	1	16	4	0	-1	0	0
1113	帮派属地（1000-1500	Bang Phái Chúc Địa 	10	5	3	1	0	50	50	./Scene/Fb_Banghuishudi.path	banghuishudi	150	150	50	64	0	0	-1	20	28	-1	12	80	100	1	1	0	32	32	32	32	-1	-1	1	1	1	-1	1	16	4	0	-1	0	0
1114	帮派属地（1000-1500	Bang Phái Chúc Địa 	10	5	3	1	0	50	50	./Scene/Fb_Banghuishudi.path	banghuishudi	150	150	50	64	0	0	-1	20	28	-1	12	80	100	1	1	0	32	32	32	32	-1	-1	1	1	1	-1	1	16	4	0	-1	0	0
1115	帮派属地（1000-1500	Bang Phái Chúc Địa 	10	5	3	1	0	50	50	./Scene/Fb_Banghuishudi.path	banghuishudi	150	150	50	64	0	0	-1	20	28	-1	12	80	100	1	1	0	32	32	32	32	-1	-1	1	1	1	-1	1	16	4	0	-1	0	0
1116	帮派属地（1000-1500	Bang Phái Chúc Địa 	10	5	3	1	0	50	50	./Scene/Fb_Banghuishudi.path	banghuishudi	150	150	50	64	0	0	-1	20	28	-1	12	80	100	1	1	0	32	32	32	32	-1	-1	1	1	1	-1	1	16	4	0	-1	0	0
1117	帮派属地（1000-1500	Bang Phái Chúc Địa 	10	5	3	1	0	50	50	./Scene/Fb_Banghuishudi.path	banghuishudi	150	150	50	64	0	0	-1	20	28	-1	12	80	100	1	1	0	32	32	32	32	-1	-1	1	1	1	-1	1	16	4	0	-1	0	0
1118	帮派属地（1000-1500	Bang Phái Chúc Địa 	10	5	3	1	0	50	50	./Scene/Fb_Banghuishudi.path	banghuishudi	150	150	50	64	0	0	-1	20	28	-1	12	80	100	1	1	0	32	32	32	32	-1	-1	1	1	1	-1	1	16	4	0	-1	0	0
1119	帮派属地（1000-1500	Bang Phái Chúc Địa 	10	5	3	1	0	50	50	./Scene/Fb_Banghuishudi.path	banghuishudi	150	150	50	64	0	0	-1	20	28	-1	12	80	100	1	1	0	32	32	32	32	-1	-1	1	1	1	-1	1	16	4	0	-1	0	0
1120	帮派属地（1000-1500	Bang Phái Chúc Địa 	10	5	3	1	0	50	50	./Scene/Fb_Banghuishudi.path	banghuishudi	150	150	50	64	0	0	-1	20	28	-1	12	80	100	1	1	0	32	32	32	32	-1	-1	1	1	1	-1	1	16	4	0	-1	0	0
1121	帮派属地（1000-1500	Bang Phái Chúc Địa 	10	5	3	1	0	50	50	./Scene/Fb_Banghuishudi.path	banghuishudi	150	150	50	64	0	0	-1	20	28	-1	12	80	100	1	1	0	32	32	32	32	-1	-1	1	1	1	-1	1	16	4	0	-1	0	0
1122	帮派属地（1000-1500	Bang Phái Chúc Địa 	10	5	3	1	0	50	50	./Scene/Fb_Banghuishudi.path	banghuishudi	150	150	50	64	0	0	-1	20	28	-1	12	80	100	1	1	0	32	32	32	32	-1	-1	1	1	1	-1	1	16	4	0	-1	0	0
1123	帮派属地（1000-1500	Bang Phái Chúc Địa 	10	5	3	1	0	50	50	./Scene/Fb_Banghuishudi.path	banghuishudi	150	150	50	64	0	0	-1	20	28	-1	12	80	100	1	1	0	32	32	32	32	-1	-1	1	1	1	-1	1	16	4	0	-1	0	0
1124	帮派属地（1000-1500	Bang Phái Chúc Địa 	10	5	3	1	0	50	50	./Scene/Fb_Banghuishudi.path	banghuishudi	150	150	50	64	0	0	-1	20	28	-1	12	80	100	1	1	0	32	32	32	32	-1	-1	1	1	1	-1	1	16	4	0	-1	0	0
1125	帮派属地（1000-1500	Bang Phái Chúc Địa 	10	5	3	1	0	50	50	./Scene/Fb_Banghuishudi.path	banghuishudi	150	150	50	64	0	0	-1	20	28	-1	12	80	100	1	1	0	32	32	32	32	-1	-1	1	1	1	-1	1	16	4	0	-1	0	0
1126	帮派属地（1000-1500	Bang Phái Chúc Địa 	10	5	3	1	0	50	50	./Scene/Fb_Banghuishudi.path	banghuishudi	150	150	50	64	0	0	-1	20	28	-1	12	80	100	1	1	0	32	32	32	32	-1	-1	1	1	1	-1	1	16	4	0	-1	0	0
1127	帮派属地（1000-1500	Bang Phái Chúc Địa 	10	5	3	1	0	50	50	./Scene/Fb_Banghuishudi.path	banghuishudi	150	150	50	64	0	0	-1	20	28	-1	12	80	100	1	1	0	32	32	32	32	-1	-1	1	1	1	-1	1	16	4	0	-1	0	0
1128	帮派属地（1000-1500	Bang Phái Chúc Địa 	10	5	3	1	0	50	50	./Scene/Fb_Banghuishudi.path	banghuishudi	150	150	50	64	0	0	-1	20	28	-1	12	80	100	1	1	0	32	32	32	32	-1	-1	1	1	1	-1	1	16	4	0	-1	0	0
1129	帮派属地（1000-1500	Bang Phái Chúc Địa 	10	5	3	1	0	50	50	./Scene/Fb_Banghuishudi.path	banghuishudi	150	150	50	64	0	0	-1	20	28	-1	12	80	100	1	1	0	32	32	32	32	-1	-1	1	1	1	-1	1	16	4	0	-1	0	0
1130	帮派属地（1000-1500	Bang Phái Chúc Địa 	10	5	3	1	0	50	50	./Scene/Fb_Banghuishudi.path	banghuishudi	150	150	50	64	0	0	-1	20	28	-1	12	80	100	1	1	0	32	32	32	32	-1	-1	1	1	1	-1	1	16	4	0	-1	0	0
1131	帮派属地（1000-1500	Bang Phái Chúc Địa 	10	5	3	1	0	50	50	./Scene/Fb_Banghuishudi.path	banghuishudi	150	150	50	64	0	0	-1	20	28	-1	12	80	100	1	1	0	32	32	32	32	-1	-1	1	1	1	-1	1	16	4	0	-1	0	0
1132	帮派属地（1000-1500	Bang Phái Chúc Địa 	10	5	3	1	0	50	50	./Scene/Fb_Banghuishudi.path	banghuishudi	150	150	50	64	0	0	-1	20	28	-1	12	80	100	1	1	0	32	32	32	32	-1	-1	1	1	1	-1	1	16	4	0	-1	0	0
1133	帮派属地（1000-1500	Bang Phái Chúc Địa 	10	5	3	1	0	50	50	./Scene/Fb_Banghuishudi.path	banghuishudi	150	150	50	64	0	0	-1	20	28	-1	12	80	100	1	1	0	32	32	32	32	-1	-1	1	1	1	-1	1	16	4	0	-1	0	0
1134	帮派属地（1000-1500	Bang Phái Chúc Địa 	10	5	3	1	0	50	50	./Scene/Fb_Banghuishudi.path	banghuishudi	150	150	50	64	0	0	-1	20	28	-1	12	80	100	1	1	0	32	32	32	32	-1	-1	1	1	1	-1	1	16	4	0	-1	0	0
1135	帮派属地（1000-1500	Bang Phái Chúc Địa 	10	5	3	1	0	50	50	./Scene/Fb_Banghuishudi.path	banghuishudi	150	150	50	64	0	0	-1	20	28	-1	12	80	100	1	1	0	32	32	32	32	-1	-1	1	1	1	-1	1	16	4	0	-1	0	0
1136	帮派属地（1000-1500	Bang Phái Chúc Địa 	10	5	3	1	0	50	50	./Scene/Fb_Banghuishudi.path	banghuishudi	150	150	50	64	0	0	-1	20	28	-1	12	80	100	1	1	0	32	32	32	32	-1	-1	1	1	1	-1	1	16	4	0	-1	0	0
1137	帮派属地（1000-1500	Bang Phái Chúc Địa 	10	5	3	1	0	50	50	./Scene/Fb_Banghuishudi.path	banghuishudi	150	150	50	64	0	0	-1	20	28	-1	12	80	100	1	1	0	32	32	32	32	-1	-1	1	1	1	-1	1	16	4	0	-1	0	0
1138	帮派属地（1000-1500	Bang Phái Chúc Địa 	10	5	3	1	0	50	50	./Scene/Fb_Banghuishudi.path	banghuishudi	150	150	50	64	0	0	-1	20	28	-1	12	80	100	1	1	0	32	32	32	32	-1	-1	1	1	1	-1	1	16	4	0	-1	0	0
1139	帮派属地（1000-1500	Bang Phái Chúc Địa 	10	5	3	1	0	50	50	./Scene/Fb_Banghuishudi.path	banghuishudi	150	150	50	64	0	0	-1	20	28	-1	12	80	100	1	1	0	32	32	32	32	-1	-1	1	1	1	-1	1	16	4	0	-1	0	0
1140	帮派属地（1000-1500	Bang Phái Chúc Địa 	10	5	3	1	0	50	50	./Scene/Fb_Banghuishudi.path	banghuishudi	150	150	50	64	0	0	-1	20	28	-1	12	80	100	1	1	0	32	32	32	32	-1	-1	1	1	1	-1	1	16	4	0	-1	0	0
1141	帮派属地（1000-1500	Bang Phái Chúc Địa 	10	5	3	1	0	50	50	./Scene/Fb_Banghuishudi.path	banghuishudi	150	150	50	64	0	0	-1	20	28	-1	12	80	100	1	1	0	32	32	32	32	-1	-1	1	1	1	-1	1	16	4	0	-1	0	0
1142	帮派属地（1000-1500	Bang Phái Chúc Địa 	10	5	3	1	0	50	50	./Scene/Fb_Banghuishudi.path	banghuishudi	150	150	50	64	0	0	-1	20	28	-1	12	80	100	1	1	0	32	32	32	32	-1	-1	1	1	1	-1	1	16	4	0	-1	0	0
1143	帮派属地（1000-1500	Bang Phái Chúc Địa 	10	5	3	1	0	50	50	./Scene/Fb_Banghuishudi.path	banghuishudi	150	150	50	64	0	0	-1	20	28	-1	12	80	100	1	1	0	32	32	32	32	-1	-1	1	1	1	-1	1	16	4	0	-1	0	0
1144	帮派属地（1000-1500	Bang Phái Chúc Địa 	10	5	3	1	0	50	50	./Scene/Fb_Banghuishudi.path	banghuishudi	150	150	50	64	0	0	-1	20	28	-1	12	80	100	1	1	0	32	32	32	32	-1	-1	1	1	1	-1	1	16	4	0	-1	0	0
1145	帮派属地（1000-1500	Bang Phái Chúc Địa 	10	5	3	1	0	50	50	./Scene/Fb_Banghuishudi.path	banghuishudi	150	150	50	64	0	0	-1	20	28	-1	12	80	100	1	1	0	32	32	32	32	-1	-1	1	1	1	-1	1	16	4	0	-1	0	0
1146	帮派属地（1000-1500	Bang Phái Chúc Địa 	10	5	3	1	0	50	50	./Scene/Fb_Banghuishudi.path	banghuishudi	150	150	50	64	0	0	-1	20	28	-1	12	80	100	1	1	0	32	32	32	32	-1	-1	1	1	1	-1	1	16	4	0	-1	0	0
1147	帮派属地（1000-1500	Bang Phái Chúc Địa 	10	5	3	1	0	50	50	./Scene/Fb_Banghuishudi.path	banghuishudi	150	150	50	64	0	0	-1	20	28	-1	12	80	100	1	1	0	32	32	32	32	-1	-1	1	1	1	-1	1	16	4	0	-1	0	0
1148	帮派属地（1000-1500	Bang Phái Chúc Địa 	10	5	3	1	0	50	50	./Scene/Fb_Banghuishudi.path	banghuishudi	150	150	50	64	0	0	-1	20	28	-1	12	80	100	1	1	0	32	32	32	32	-1	-1	1	1	1	-1	1	16	4	0	-1	0	0
1149	帮派属地（1000-1500	Bang Phái Chúc Địa 	10	5	3	1	0	50	50	./Scene/Fb_Banghuishudi.path	banghuishudi	150	150	50	64	0	0	-1	20	28	-1	12	80	100	1	1	0	32	32	32	32	-1	-1	1	1	1	-1	1	16	4	0	-1	0	0
1150	帮派属地（1000-1500	Bang Phái Chúc Địa 	10	5	3	1	0	50	50	./Scene/Fb_Banghuishudi.path	banghuishudi	150	150	50	64	0	0	-1	20	28	-1	12	80	100	1	1	0	32	32	32	32	-1	-1	1	1	1	-1	1	16	4	0	-1	0	0
1151	帮派属地（1000-1500	Bang Phái Chúc Địa 	10	5	3	1	0	50	50	./Scene/Fb_Banghuishudi.path	banghuishudi	150	150	50	64	0	0	-1	20	28	-1	12	80	100	1	1	0	32	32	32	32	-1	-1	1	1	1	-1	1	16	4	0	-1	0	0
1152	帮派属地（1000-1500	Bang Phái Chúc Địa 	10	5	3	1	0	50	50	./Scene/Fb_Banghuishudi.path	banghuishudi	150	150	50	64	0	0	-1	20	28	-1	12	80	100	1	1	0	32	32	32	32	-1	-1	1	1	1	-1	1	16	4	0	-1	0	0
1153	帮派属地（1000-1500	Bang Phái Chúc Địa 	10	5	3	1	0	50	50	./Scene/Fb_Banghuishudi.path	banghuishudi	150	150	50	64	0	0	-1	20	28	-1	12	80	100	1	1	0	32	32	32	32	-1	-1	1	1	1	-1	1	16	4	0	-1	0	0
1154	帮派属地（1000-1500	Bang Phái Chúc Địa 	10	5	3	1	0	50	50	./Scene/Fb_Banghuishudi.path	banghuishudi	150	150	50	64	0	0	-1	20	28	-1	12	80	100	1	1	0	32	32	32	32	-1	-1	1	1	1	-1	1	16	4	0	-1	0	0
1155	帮派属地（1000-1500	Bang Phái Chúc Địa 	10	5	3	1	0	50	50	./Scene/Fb_Banghuishudi.path	banghuishudi	150	150	50	64	0	0	-1	20	28	-1	12	80	100	1	1	0	32	32	32	32	-1	-1	1	1	1	-1	1	16	4	0	-1	0	0
1156	帮派属地（1000-1500	Bang Phái Chúc Địa 	10	5	3	1	0	50	50	./Scene/Fb_Banghuishudi.path	banghuishudi	150	150	50	64	0	0	-1	20	28	-1	12	80	100	1	1	0	32	32	32	32	-1	-1	1	1	1	-1	1	16	4	0	-1	0	0
1157	帮派属地（1000-1500	Bang Phái Chúc Địa 	10	5	3	1	0	50	50	./Scene/Fb_Banghuishudi.path	banghuishudi	150	150	50	64	0	0	-1	20	28	-1	12	80	100	1	1	0	32	32	32	32	-1	-1	1	1	1	-1	1	16	4	0	-1	0	0
1158	帮派属地（1000-1500	Bang Phái Chúc Địa 	10	5	3	1	0	50	50	./Scene/Fb_Banghuishudi.path	banghuishudi	150	150	50	64	0	0	-1	20	28	-1	12	80	100	1	1	0	32	32	32	32	-1	-1	1	1	1	-1	1	16	4	0	-1	0	0
1159	帮派属地（1000-1500	Bang Phái Chúc Địa 	10	5	3	1	0	50	50	./Scene/Fb_Banghuishudi.path	banghuishudi	150	150	50	64	0	0	-1	20	28	-1	12	80	100	1	1	0	32	32	32	32	-1	-1	1	1	1	-1	1	16	4	0	-1	0	0
1160	帮派属地（1000-1500	Bang Phái Chúc Địa 	10	5	3	1	0	50	50	./Scene/Fb_Banghuishudi.path	banghuishudi	150	150	50	64	0	0	-1	20	28	-1	12	80	100	1	1	0	32	32	32	32	-1	-1	1	1	1	-1	1	16	4	0	-1	0	0
1161	帮派属地（1000-1500	Bang Phái Chúc Địa 	10	5	3	1	0	50	50	./Scene/Fb_Banghuishudi.path	banghuishudi	150	150	50	64	0	0	-1	20	28	-1	12	80	100	1	1	0	32	32	32	32	-1	-1	1	1	1	-1	1	16	4	0	-1	0	0
1162	帮派属地（1000-1500	Bang Phái Chúc Địa 	10	5	3	1	0	50	50	./Scene/Fb_Banghuishudi.path	banghuishudi	150	150	50	64	0	0	-1	20	28	-1	12	80	100	1	1	0	32	32	32	32	-1	-1	1	1	1	-1	1	16	4	0	-1	0	0
1163	帮派属地（1000-1500	Bang Phái Chúc Địa 	10	5	3	1	0	50	50	./Scene/Fb_Banghuishudi.path	banghuishudi	150	150	50	64	0	0	-1	20	28	-1	12	80	100	1	1	0	32	32	32	32	-1	-1	1	1	1	-1	1	16	4	0	-1	0	0
1164	帮派属地（1000-1500	Bang Phái Chúc Địa 	10	5	3	1	0	50	50	./Scene/Fb_Banghuishudi.path	banghuishudi	150	150	50	64	0	0	-1	20	28	-1	12	80	100	1	1	0	32	32	32	32	-1	-1	1	1	1	-1	1	16	4	0	-1	0	0
1165	帮派属地（1000-1500	Bang Phái Chúc Địa 	10	5	3	1	0	50	50	./Scene/Fb_Banghuishudi.path	banghuishudi	150	150	50	64	0	0	-1	20	28	-1	12	80	100	1	1	0	32	32	32	32	-1	-1	1	1	1	-1	1	16	4	0	-1	0	0
1166	帮派属地（1000-1500	Bang Phái Chúc Địa 	10	5	3	1	0	50	50	./Scene/Fb_Banghuishudi.path	banghuishudi	150	150	50	64	0	0	-1	20	28	-1	12	80	100	1	1	0	32	32	32	32	-1	-1	1	1	1	-1	1	16	4	0	-1	0	0
1167	帮派属地（1000-1500	Bang Phái Chúc Địa 	10	5	3	1	0	50	50	./Scene/Fb_Banghuishudi.path	banghuishudi	150	150	50	64	0	0	-1	20	28	-1	12	80	100	1	1	0	32	32	32	32	-1	-1	1	1	1	-1	1	16	4	0	-1	0	0
1168	帮派属地（1000-1500	Bang Phái Chúc Địa 	10	5	3	1	0	50	50	./Scene/Fb_Banghuishudi.path	banghuishudi	150	150	50	64	0	0	-1	20	28	-1	12	80	100	1	1	0	32	32	32	32	-1	-1	1	1	1	-1	1	16	4	0	-1	0	0
1169	帮派属地（1000-1500	Bang Phái Chúc Địa 	10	5	3	1	0	50	50	./Scene/Fb_Banghuishudi.path	banghuishudi	150	150	50	64	0	0	-1	20	28	-1	12	80	100	1	1	0	32	32	32	32	-1	-1	1	1	1	-1	1	16	4	0	-1	0	0
1170	帮派属地（1000-1500	Bang Phái Chúc Địa 	10	5	3	1	0	50	50	./Scene/Fb_Banghuishudi.path	banghuishudi	150	150	50	64	0	0	-1	20	28	-1	12	80	100	1	1	0	32	32	32	32	-1	-1	1	1	1	-1	1	16	4	0	-1	0	0
1171	帮派属地（1000-1500	Bang Phái Chúc Địa 	10	5	3	1	0	50	50	./Scene/Fb_Banghuishudi.path	banghuishudi	150	150	50	64	0	0	-1	20	28	-1	12	80	100	1	1	0	32	32	32	32	-1	-1	1	1	1	-1	1	16	4	0	-1	0	0
1172	帮派属地（1000-1500	Bang Phái Chúc Địa 	10	5	3	1	0	50	50	./Scene/Fb_Banghuishudi.path	banghuishudi	150	150	50	64	0	0	-1	20	28	-1	12	80	100	1	1	0	32	32	32	32	-1	-1	1	1	1	-1	1	16	4	0	-1	0	0
1173	帮派属地（1000-1500	Bang Phái Chúc Địa 	10	5	3	1	0	50	50	./Scene/Fb_Banghuishudi.path	banghuishudi	150	150	50	64	0	0	-1	20	28	-1	12	80	100	1	1	0	32	32	32	32	-1	-1	1	1	1	-1	1	16	4	0	-1	0	0
1174	帮派属地（1000-1500	Bang Phái Chúc Địa 	10	5	3	1	0	50	50	./Scene/Fb_Banghuishudi.path	banghuishudi	150	150	50	64	0	0	-1	20	28	-1	12	80	100	1	1	0	32	32	32	32	-1	-1	1	1	1	-1	1	16	4	0	-1	0	0
1175	帮派属地（1000-1500	Bang Phái Chúc Địa 	10	5	3	1	0	50	50	./Scene/Fb_Banghuishudi.path	banghuishudi	150	150	50	64	0	0	-1	20	28	-1	12	80	100	1	1	0	32	32	32	32	-1	-1	1	1	1	-1	1	16	4	0	-1	0	0
1176	帮派属地（1000-1500	Bang Phái Chúc Địa 	10	5	3	1	0	50	50	./Scene/Fb_Banghuishudi.path	banghuishudi	150	150	50	64	0	0	-1	20	28	-1	12	80	100	1	1	0	32	32	32	32	-1	-1	1	1	1	-1	1	16	4	0	-1	0	0
1177	帮派属地（1000-1500	Bang Phái Chúc Địa 	10	5	3	1	0	50	50	./Scene/Fb_Banghuishudi.path	banghuishudi	150	150	50	64	0	0	-1	20	28	-1	12	80	100	1	1	0	32	32	32	32	-1	-1	1	1	1	-1	1	16	4	0	-1	0	0
1178	帮派属地（1000-1500	Bang Phái Chúc Địa 	10	5	3	1	0	50	50	./Scene/Fb_Banghuishudi.path	banghuishudi	150	150	50	64	0	0	-1	20	28	-1	12	80	100	1	1	0	32	32	32	32	-1	-1	1	1	1	-1	1	16	4	0	-1	0	0
1179	帮派属地（1000-1500	Bang Phái Chúc Địa 	10	5	3	1	0	50	50	./Scene/Fb_Banghuishudi.path	banghuishudi	150	150	50	64	0	0	-1	20	28	-1	12	80	100	1	1	0	32	32	32	32	-1	-1	1	1	1	-1	1	16	4	0	-1	0	0
1180	帮派属地（1000-1500	Bang Phái Chúc Địa 	10	5	3	1	0	50	50	./Scene/Fb_Banghuishudi.path	banghuishudi	150	150	50	64	0	0	-1	20	28	-1	12	80	100	1	1	0	32	32	32	32	-1	-1	1	1	1	-1	1	16	4	0	-1	0	0
1181	帮派属地（1000-1500	Bang Phái Chúc Địa 	10	5	3	1	0	50	50	./Scene/Fb_Banghuishudi.path	banghuishudi	150	150	50	64	0	0	-1	20	28	-1	12	80	100	1	1	0	32	32	32	32	-1	-1	1	1	1	-1	1	16	4	0	-1	0	0
1182	帮派属地（1000-1500	Bang Phái Chúc Địa 	10	5	3	1	0	50	50	./Scene/Fb_Banghuishudi.path	banghuishudi	150	150	50	64	0	0	-1	20	28	-1	12	80	100	1	1	0	32	32	32	32	-1	-1	1	1	1	-1	1	16	4	0	-1	0	0
1183	帮派属地（1000-1500	Bang Phái Chúc Địa 	10	5	3	1	0	50	50	./Scene/Fb_Banghuishudi.path	banghuishudi	150	150	50	64	0	0	-1	20	28	-1	12	80	100	1	1	0	32	32	32	32	-1	-1	1	1	1	-1	1	16	4	0	-1	0	0
1184	帮派属地（1000-1500	Bang Phái Chúc Địa 	10	5	3	1	0	50	50	./Scene/Fb_Banghuishudi.path	banghuishudi	150	150	50	64	0	0	-1	20	28	-1	12	80	100	1	1	0	32	32	32	32	-1	-1	1	1	1	-1	1	16	4	0	-1	0	0
1185	帮派属地（1000-1500	Bang Phái Chúc Địa 	10	5	3	1	0	50	50	./Scene/Fb_Banghuishudi.path	banghuishudi	150	150	50	64	0	0	-1	20	28	-1	12	80	100	1	1	0	32	32	32	32	-1	-1	1	1	1	-1	1	16	4	0	-1	0	0
1186	帮派属地（1000-1500	Bang Phái Chúc Địa 	10	5	3	1	0	50	50	./Scene/Fb_Banghuishudi.path	banghuishudi	150	150	50	64	0	0	-1	20	28	-1	12	80	100	1	1	0	32	32	32	32	-1	-1	1	1	1	-1	1	16	4	0	-1	0	0
1187	帮派属地（1000-1500	Bang Phái Chúc Địa 	10	5	3	1	0	50	50	./Scene/Fb_Banghuishudi.path	banghuishudi	150	150	50	64	0	0	-1	20	28	-1	12	80	100	1	1	0	32	32	32	32	-1	-1	1	1	1	-1	1	16	4	0	-1	0	0
1188	帮派属地（1000-1500	Bang Phái Chúc Địa 	10	5	3	1	0	50	50	./Scene/Fb_Banghuishudi.path	banghuishudi	150	150	50	64	0	0	-1	20	28	-1	12	80	100	1	1	0	32	32	32	32	-1	-1	1	1	1	-1	1	16	4	0	-1	0	0
1189	帮派属地（1000-1500	Bang Phái Chúc Địa 	10	5	3	1	0	50	50	./Scene/Fb_Banghuishudi.path	banghuishudi	150	150	50	64	0	0	-1	20	28	-1	12	80	100	1	1	0	32	32	32	32	-1	-1	1	1	1	-1	1	16	4	0	-1	0	0
1190	帮派属地（1000-1500	Bang Phái Chúc Địa 	10	5	3	1	0	50	50	./Scene/Fb_Banghuishudi.path	banghuishudi	150	150	50	64	0	0	-1	20	28	-1	12	80	100	1	1	0	32	32	32	32	-1	-1	1	1	1	-1	1	16	4	0	-1	0	0
1191	帮派属地（1000-1500	Bang Phái Chúc Địa 	10	5	3	1	0	50	50	./Scene/Fb_Banghuishudi.path	banghuishudi	150	150	50	64	0	0	-1	20	28	-1	12	80	100	1	1	0	32	32	32	32	-1	-1	1	1	1	-1	1	16	4	0	-1	0	0
1192	帮派属地（1000-1500	Bang Phái Chúc Địa 	10	5	3	1	0	50	50	./Scene/Fb_Banghuishudi.path	banghuishudi	150	150	50	64	0	0	-1	20	28	-1	12	80	100	1	1	0	32	32	32	32	-1	-1	1	1	1	-1	1	16	4	0	-1	0	0
1193	帮派属地（1000-1500	Bang Phái Chúc Địa 	10	5	3	1	0	50	50	./Scene/Fb_Banghuishudi.path	banghuishudi	150	150	50	64	0	0	-1	20	28	-1	12	80	100	1	1	0	32	32	32	32	-1	-1	1	1	1	-1	1	16	4	0	-1	0	0
1194	帮派属地（1000-1500	Bang Phái Chúc Địa 	10	5	3	1	0	50	50	./Scene/Fb_Banghuishudi.path	banghuishudi	150	150	50	64	0	0	-1	20	28	-1	12	80	100	1	1	0	32	32	32	32	-1	-1	1	1	1	-1	1	16	4	0	-1	0	0
1195	帮派属地（1000-1500	Bang Phái Chúc Địa 	10	5	3	1	0	50	50	./Scene/Fb_Banghuishudi.path	banghuishudi	150	150	50	64	0	0	-1	20	28	-1	12	80	100	1	1	0	32	32	32	32	-1	-1	1	1	1	-1	1	16	4	0	-1	0	0
1196	帮派属地（1000-1500	Bang Phái Chúc Địa 	10	5	3	1	0	50	50	./Scene/Fb_Banghuishudi.path	banghuishudi	150	150	50	64	0	0	-1	20	28	-1	12	80	100	1	1	0	32	32	32	32	-1	-1	1	1	1	-1	1	16	4	0	-1	0	0
1197	帮派属地（1000-1500	Bang Phái Chúc Địa 	10	5	3	1	0	50	50	./Scene/Fb_Banghuishudi.path	banghuishudi	150	150	50	64	0	0	-1	20	28	-1	12	80	100	1	1	0	32	32	32	32	-1	-1	1	1	1	-1	1	16	4	0	-1	0	0
1198	帮派属地（1000-1500	Bang Phái Chúc Địa 	10	5	3	1	0	50	50	./Scene/Fb_Banghuishudi.path	banghuishudi	150	150	50	64	0	0	-1	20	28	-1	12	80	100	1	1	0	32	32	32	32	-1	-1	1	1	1	-1	1	16	4	0	-1	0	0
1199	帮派属地（1000-1500	Bang Phái Chúc Địa 	10	5	3	1	0	50	50	./Scene/Fb_Banghuishudi.path	banghuishudi	150	150	50	64	0	0	-1	20	28	-1	12	80	100	1	1	0	32	32	32	32	-1	-1	1	1	1	-1	1	16	4	0	-1	0	0
1200	帮派属地（1000-1500	Bang Phái Chúc Địa 	10	5	3	1	0	50	50	./Scene/Fb_Banghuishudi.path	banghuishudi	150	150	50	64	0	0	-1	20	28	-1	12	80	100	1	1	0	32	32	32	32	-1	-1	1	1	1	-1	1	16	4	0	-1	0	0
1201	帮派属地（1000-1500	Bang Phái Chúc Địa 	10	5	3	1	0	50	50	./Scene/Fb_Banghuishudi.path	banghuishudi	150	150	50	64	0	0	-1	20	28	-1	12	80	100	1	1	0	32	32	32	32	-1	-1	1	1	1	-1	1	16	4	0	-1	0	0
1202	帮派属地（1000-1500	Bang Phái Chúc Địa 	10	5	3	1	0	50	50	./Scene/Fb_Banghuishudi.path	banghuishudi	150	150	50	64	0	0	-1	20	28	-1	12	80	100	1	1	0	32	32	32	32	-1	-1	1	1	1	-1	1	16	4	0	-1	0	0
1203	帮派属地（1000-1500	Bang Phái Chúc Địa 	10	5	3	1	0	50	50	./Scene/Fb_Banghuishudi.path	banghuishudi	150	150	50	64	0	0	-1	20	28	-1	12	80	100	1	1	0	32	32	32	32	-1	-1	1	1	1	-1	1	16	4	0	-1	0	0
1204	帮派属地（1000-1500	Bang Phái Chúc Địa 	10	5	3	1	0	50	50	./Scene/Fb_Banghuishudi.path	banghuishudi	150	150	50	64	0	0	-1	20	28	-1	12	80	100	1	1	0	32	32	32	32	-1	-1	1	1	1	-1	1	16	4	0	-1	0	0
1205	帮派属地（1000-1500	Bang Phái Chúc Địa 	10	5	3	1	0	50	50	./Scene/Fb_Banghuishudi.path	banghuishudi	150	150	50	64	0	0	-1	20	28	-1	12	80	100	1	1	0	32	32	32	32	-1	-1	1	1	1	-1	1	16	4	0	-1	0	0
1206	帮派属地（1000-1500	Bang Phái Chúc Địa 	10	5	3	1	0	50	50	./Scene/Fb_Banghuishudi.path	banghuishudi	150	150	50	64	0	0	-1	20	28	-1	12	80	100	1	1	0	32	32	32	32	-1	-1	1	1	1	-1	1	16	4	0	-1	0	0
1207	帮派属地（1000-1500	Bang Phái Chúc Địa 	10	5	3	1	0	50	50	./Scene/Fb_Banghuishudi.path	banghuishudi	150	150	50	64	0	0	-1	20	28	-1	12	80	100	1	1	0	32	32	32	32	-1	-1	1	1	1	-1	1	16	4	0	-1	0	0
1208	帮派属地（1000-1500	Bang Phái Chúc Địa 	10	5	3	1	0	50	50	./Scene/Fb_Banghuishudi.path	banghuishudi	150	150	50	64	0	0	-1	20	28	-1	12	80	100	1	1	0	32	32	32	32	-1	-1	1	1	1	-1	1	16	4	0	-1	0	0
1209	帮派属地（1000-1500	Bang Phái Chúc Địa 	10	5	3	1	0	50	50	./Scene/Fb_Banghuishudi.path	banghuishudi	150	150	50	64	0	0	-1	20	28	-1	12	80	100	1	1	0	32	32	32	32	-1	-1	1	1	1	-1	1	16	4	0	-1	0	0
1210	帮派属地（1000-1500	Bang Phái Chúc Địa 	10	5	3	1	0	50	50	./Scene/Fb_Banghuishudi.path	banghuishudi	150	150	50	64	0	0	-1	20	28	-1	12	80	100	1	1	0	32	32	32	32	-1	-1	1	1	1	-1	1	16	4	0	-1	0	0
1211	帮派属地（1000-1500	Bang Phái Chúc Địa 	10	5	3	1	0	50	50	./Scene/Fb_Banghuishudi.path	banghuishudi	150	150	50	64	0	0	-1	20	28	-1	12	80	100	1	1	0	32	32	32	32	-1	-1	1	1	1	-1	1	16	4	0	-1	0	0
1212	帮派属地（1000-1500	Bang Phái Chúc Địa 	10	5	3	1	0	50	50	./Scene/Fb_Banghuishudi.path	banghuishudi	150	150	50	64	0	0	-1	20	28	-1	12	80	100	1	1	0	32	32	32	32	-1	-1	1	1	1	-1	1	16	4	0	-1	0	0
1213	帮派属地（1000-1500	Bang Phái Chúc Địa 	10	5	3	1	0	50	50	./Scene/Fb_Banghuishudi.path	banghuishudi	150	150	50	64	0	0	-1	20	28	-1	12	80	100	1	1	0	32	32	32	32	-1	-1	1	1	1	-1	1	16	4	0	-1	0	0
1214	帮派属地（1000-1500	Bang Phái Chúc Địa 	10	5	3	1	0	50	50	./Scene/Fb_Banghuishudi.path	banghuishudi	150	150	50	64	0	0	-1	20	28	-1	12	80	100	1	1	0	32	32	32	32	-1	-1	1	1	1	-1	1	16	4	0	-1	0	0
1215	帮派属地（1000-1500	Bang Phái Chúc Địa 	10	5	3	1	0	50	50	./Scene/Fb_Banghuishudi.path	banghuishudi	150	150	50	64	0	0	-1	20	28	-1	12	80	100	1	1	0	32	32	32	32	-1	-1	1	1	1	-1	1	16	4	0	-1	0	0
1216	帮派属地（1000-1500	Bang Phái Chúc Địa 	10	5	3	1	0	50	50	./Scene/Fb_Banghuishudi.path	banghuishudi	150	150	50	64	0	0	-1	20	28	-1	12	80	100	1	1	0	32	32	32	32	-1	-1	1	1	1	-1	1	16	4	0	-1	0	0
1217	帮派属地（1000-1500	Bang Phái Chúc Địa 	10	5	3	1	0	50	50	./Scene/Fb_Banghuishudi.path	banghuishudi	150	150	50	64	0	0	-1	20	28	-1	12	80	100	1	1	0	32	32	32	32	-1	-1	1	1	1	-1	1	16	4	0	-1	0	0
1218	帮派属地（1000-1500	Bang Phái Chúc Địa 	10	5	3	1	0	50	50	./Scene/Fb_Banghuishudi.path	banghuishudi	150	150	50	64	0	0	-1	20	28	-1	12	80	100	1	1	0	32	32	32	32	-1	-1	1	1	1	-1	1	16	4	0	-1	0	0
1219	帮派属地（1000-1500	Bang Phái Chúc Địa 	10	5	3	1	0	50	50	./Scene/Fb_Banghuishudi.path	banghuishudi	150	150	50	64	0	0	-1	20	28	-1	12	80	100	1	1	0	32	32	32	32	-1	-1	1	1	1	-1	1	16	4	0	-1	0	0
1220	帮派属地（1000-1500	Bang Phái Chúc Địa 	10	5	3	1	0	50	50	./Scene/Fb_Banghuishudi.path	banghuishudi	150	150	50	64	0	0	-1	20	28	-1	12	80	100	1	1	0	32	32	32	32	-1	-1	1	1	1	-1	1	16	4	0	-1	0	0
1221	帮派属地（1000-1500	Bang Phái Chúc Địa 	10	5	3	1	0	50	50	./Scene/Fb_Banghuishudi.path	banghuishudi	150	150	50	64	0	0	-1	20	28	-1	12	80	100	1	1	0	32	32	32	32	-1	-1	1	1	1	-1	1	16	4	0	-1	0	0
1222	帮派属地（1000-1500	Bang Phái Chúc Địa 	10	5	3	1	0	50	50	./Scene/Fb_Banghuishudi.path	banghuishudi	150	150	50	64	0	0	-1	20	28	-1	12	80	100	1	1	0	32	32	32	32	-1	-1	1	1	1	-1	1	16	4	0	-1	0	0
1223	帮派属地（1000-1500	Bang Phái Chúc Địa 	10	5	3	1	0	50	50	./Scene/Fb_Banghuishudi.path	banghuishudi	150	150	50	64	0	0	-1	20	28	-1	12	80	100	1	1	0	32	32	32	32	-1	-1	1	1	1	-1	1	16	4	0	-1	0	0
1224	帮派属地（1000-1500	Bang Phái Chúc Địa 	10	5	3	1	0	50	50	./Scene/Fb_Banghuishudi.path	banghuishudi	150	150	50	64	0	0	-1	20	28	-1	12	80	100	1	1	0	32	32	32	32	-1	-1	1	1	1	-1	1	16	4	0	-1	0	0
1225	帮派属地（1000-1500	Bang Phái Chúc Địa 	10	5	3	1	0	50	50	./Scene/Fb_Banghuishudi.path	banghuishudi	150	150	50	64	0	0	-1	20	28	-1	12	80	100	1	1	0	32	32	32	32	-1	-1	1	1	1	-1	1	16	4	0	-1	0	0
1226	帮派属地（1000-1500	Bang Phái Chúc Địa 	10	5	3	1	0	50	50	./Scene/Fb_Banghuishudi.path	banghuishudi	150	150	50	64	0	0	-1	20	28	-1	12	80	100	1	1	0	32	32	32	32	-1	-1	1	1	1	-1	1	16	4	0	-1	0	0
1227	帮派属地（1000-1500	Bang Phái Chúc Địa 	10	5	3	1	0	50	50	./Scene/Fb_Banghuishudi.path	banghuishudi	150	150	50	64	0	0	-1	20	28	-1	12	80	100	1	1	0	32	32	32	32	-1	-1	1	1	1	-1	1	16	4	0	-1	0	0
1228	帮派属地（1000-1500	Bang Phái Chúc Địa 	10	5	3	1	0	50	50	./Scene/Fb_Banghuishudi.path	banghuishudi	150	150	50	64	0	0	-1	20	28	-1	12	80	100	1	1	0	32	32	32	32	-1	-1	1	1	1	-1	1	16	4	0	-1	0	0
1229	帮派属地（1000-1500	Bang Phái Chúc Địa 	10	5	3	1	0	50	50	./Scene/Fb_Banghuishudi.path	banghuishudi	150	150	50	64	0	0	-1	20	28	-1	12	80	100	1	1	0	32	32	32	32	-1	-1	1	1	1	-1	1	16	4	0	-1	0	0
1230	帮派属地（1000-1500	Bang Phái Chúc Địa 	10	5	3	1	0	50	50	./Scene/Fb_Banghuishudi.path	banghuishudi	150	150	50	64	0	0	-1	20	28	-1	12	80	100	1	1	0	32	32	32	32	-1	-1	1	1	1	-1	1	16	4	0	-1	0	0
1231	帮派属地（1000-1500	Bang Phái Chúc Địa 	10	5	3	1	0	50	50	./Scene/Fb_Banghuishudi.path	banghuishudi	150	150	50	64	0	0	-1	20	28	-1	12	80	100	1	1	0	32	32	32	32	-1	-1	1	1	1	-1	1	16	4	0	-1	0	0
1232	帮派属地（1000-1500	Bang Phái Chúc Địa 	10	5	3	1	0	50	50	./Scene/Fb_Banghuishudi.path	banghuishudi	150	150	50	64	0	0	-1	20	28	-1	12	80	100	1	1	0	32	32	32	32	-1	-1	1	1	1	-1	1	16	4	0	-1	0	0
1233	帮派属地（1000-1500	Bang Phái Chúc Địa 	10	5	3	1	0	50	50	./Scene/Fb_Banghuishudi.path	banghuishudi	150	150	50	64	0	0	-1	20	28	-1	12	80	100	1	1	0	32	32	32	32	-1	-1	1	1	1	-1	1	16	4	0	-1	0	0
1234	帮派属地（1000-1500	Bang Phái Chúc Địa 	10	5	3	1	0	50	50	./Scene/Fb_Banghuishudi.path	banghuishudi	150	150	50	64	0	0	-1	20	28	-1	12	80	100	1	1	0	32	32	32	32	-1	-1	1	1	1	-1	1	16	4	0	-1	0	0
1235	帮派属地（1000-1500	Bang Phái Chúc Địa 	10	5	3	1	0	50	50	./Scene/Fb_Banghuishudi.path	banghuishudi	150	150	50	64	0	0	-1	20	28	-1	12	80	100	1	1	0	32	32	32	32	-1	-1	1	1	1	-1	1	16	4	0	-1	0	0
1236	帮派属地（1000-1500	Bang Phái Chúc Địa 	10	5	3	1	0	50	50	./Scene/Fb_Banghuishudi.path	banghuishudi	150	150	50	64	0	0	-1	20	28	-1	12	80	100	1	1	0	32	32	32	32	-1	-1	1	1	1	-1	1	16	4	0	-1	0	0
1237	帮派属地（1000-1500	Bang Phái Chúc Địa 	10	5	3	1	0	50	50	./Scene/Fb_Banghuishudi.path	banghuishudi	150	150	50	64	0	0	-1	20	28	-1	12	80	100	1	1	0	32	32	32	32	-1	-1	1	1	1	-1	1	16	4	0	-1	0	0
1238	帮派属地（1000-1500	Bang Phái Chúc Địa 	10	5	3	1	0	50	50	./Scene/Fb_Banghuishudi.path	banghuishudi	150	150	50	64	0	0	-1	20	28	-1	12	80	100	1	1	0	32	32	32	32	-1	-1	1	1	1	-1	1	16	4	0	-1	0	0
1239	帮派属地（1000-1500	Bang Phái Chúc Địa 	10	5	3	1	0	50	50	./Scene/Fb_Banghuishudi.path	banghuishudi	150	150	50	64	0	0	-1	20	28	-1	12	80	100	1	1	0	32	32	32	32	-1	-1	1	1	1	-1	1	16	4	0	-1	0	0
1240	帮派属地（1000-1500	Bang Phái Chúc Địa 	10	5	3	1	0	50	50	./Scene/Fb_Banghuishudi.path	banghuishudi	150	150	50	64	0	0	-1	20	28	-1	12	80	100	1	1	0	32	32	32	32	-1	-1	1	1	1	-1	1	16	4	0	-1	0	0
1241	帮派属地（1000-1500	Bang Phái Chúc Địa 	10	5	3	1	0	50	50	./Scene/Fb_Banghuishudi.path	banghuishudi	150	150	50	64	0	0	-1	20	28	-1	12	80	100	1	1	0	32	32	32	32	-1	-1	1	1	1	-1	1	16	4	0	-1	0	0
1242	帮派属地（1000-1500	Bang Phái Chúc Địa 	10	5	3	1	0	50	50	./Scene/Fb_Banghuishudi.path	banghuishudi	150	150	50	64	0	0	-1	20	28	-1	12	80	100	1	1	0	32	32	32	32	-1	-1	1	1	1	-1	1	16	4	0	-1	0	0
1243	帮派属地（1000-1500	Bang Phái Chúc Địa 	10	5	3	1	0	50	50	./Scene/Fb_Banghuishudi.path	banghuishudi	150	150	50	64	0	0	-1	20	28	-1	12	80	100	1	1	0	32	32	32	32	-1	-1	1	1	1	-1	1	16	4	0	-1	0	0
1244	帮派属地（1000-1500	Bang Phái Chúc Địa 	10	5	3	1	0	50	50	./Scene/Fb_Banghuishudi.path	banghuishudi	150	150	50	64	0	0	-1	20	28	-1	12	80	100	1	1	0	32	32	32	32	-1	-1	1	1	1	-1	1	16	4	0	-1	0	0
1245	帮派属地（1000-1500	Bang Phái Chúc Địa 	10	5	3	1	0	50	50	./Scene/Fb_Banghuishudi.path	banghuishudi	150	150	50	64	0	0	-1	20	28	-1	12	80	100	1	1	0	32	32	32	32	-1	-1	1	1	1	-1	1	16	4	0	-1	0	0
1246	帮派属地（1000-1500	Bang Phái Chúc Địa 	10	5	3	1	0	50	50	./Scene/Fb_Banghuishudi.path	banghuishudi	150	150	50	64	0	0	-1	20	28	-1	12	80	100	1	1	0	32	32	32	32	-1	-1	1	1	1	-1	1	16	4	0	-1	0	0
1247	帮派属地（1000-1500	Bang Phái Chúc Địa 	10	5	3	1	0	50	50	./Scene/Fb_Banghuishudi.path	banghuishudi	150	150	50	64	0	0	-1	20	28	-1	12	80	100	1	1	0	32	32	32	32	-1	-1	1	1	1	-1	1	16	4	0	-1	0	0
1248	帮派属地（1000-1500	Bang Phái Chúc Địa 	10	5	3	1	0	50	50	./Scene/Fb_Banghuishudi.path	banghuishudi	150	150	50	64	0	0	-1	20	28	-1	12	80	100	1	1	0	32	32	32	32	-1	-1	1	1	1	-1	1	16	4	0	-1	0	0
1249	帮派属地（1000-1500	Bang Phái Chúc Địa 	10	5	3	1	0	50	50	./Scene/Fb_Banghuishudi.path	banghuishudi	150	150	50	64	0	0	-1	20	28	-1	12	80	100	1	1	0	32	32	32	32	-1	-1	1	1	1	-1	1	16	4	0	-1	0	0
