Id	Desc	ResPath	PosX	PosY	PosZ	RotX	RotY	RotZ	FieldOfView
INT	STRING	STRING	FLOAT	FLOAT	FLOAT	FLOAT	FLOAT	FLOAT	INT
#									
#ID	名称	模型路径	X方向偏移	Y方向偏移	Z方向偏移	X方向旋转	Y方向旋转	Z方向旋转	摄像机FieldOfView
1	青云男（前16个不要删 程序用）	Zy_qingyunnan_020	-0.005	-0.76	2.55	0	-180	0	60
2	青云女	Zy_qingyunnv_010	0.07855225	-0.64	2.248352	0	-176.2522	0	60
3	天音男	Zy_qingyunnan_021	-0.005	-0.76	2.55	0	-180	0	60
4	天音女	Zy_qingyunnv_011	0.07855225	-0.64	2.248352	0	-176.2522	0	60
5	鬼王男	Zy_guiwangzongnan_010	-0.005	-0.76	2.55	0	-180	0	60
6	鬼王女	Zy_guiwangzongnv_010	-0.012	-0.64	2.254	0	-176.2522	0	60
7	合欢男	Zy_qingyunnan_023	-0.005	-0.76	2.55	0	-165.5248	0	60
8	合欢女	Zy_qingyunnv_013	0.07855225	-0.64	2.248352	0	170.578	0	60
9	头像-青云男	Zy_qingyunnan_020	0	-1.41	1.553	-4.302032	180	0	10
10	头像-青云女	Zy_qingyunnv_010	0.013	-1.251	1.557	4.020848	178.0212	0.001381785	10
11	头像-天音男	Zy_qingyunnan_021	-0.002	-1.38	1.796	-5	-180	0	10
12	头像-天音女	Zy_qingyunnv_011	0.021	-1.246738	1.683	3.689261	-180	0	10
13	头像-鬼王男	Zy_qingyunnan_022	-0.009442138	-1.36	1.451	-5.857727	179.5281	0.04816594	10
14	头像-鬼王女	Zy_qingyunnv_012	-0.04	-1.2	1.695	-4.995026	177.4435	0.2227372	10
15	头像-合欢男	Zy_qingyunnan_023	-0.01	-1.38	1.9	-4.868774	-166.8117	-1.139404	10
16	头像-合欢女	Zy_qingyunnv_013	0.045	-1.223	1.549	2.696172	165.6204	-0.6909485	10
17	青云男弟子	Zy_qingyunnan_020	0	-1.33	0.46	-4.8	-168	0	60
18	法宝1-寒冰剑	Jian_hanbingjian_01	0.04	0.63	1.58	-5	90	90	60
19	法宝3-羽皇	Fb_qingyun_yuhuang_1	0	-1.23	2.07	-5	180	0	60
20	半身像-陆雪琪（青云女弟子）	Npc_luxueqi_1	0	-1.21	0.39	-5	172.6	0	60
21	法宝2-羽翅	Fb_qingyun_yuchi_1	0	-1.23	2.79	-5	180	0	60
22	小环	Npc_xiaohuan_1	0.08	-1.18	0.5	1.7	-177.4099	-3.749878	60
23	张小凡	Npc_zhangxiaofan_1	0	-1.32	0.55	-5	-175	0	60
24	道玄	Npc_daoxuanzhenren_1	0	-1.42	0.5	-15.58002	168.4	0	60
25	周一仙	Npc_zhouyixian_1	-0.05	-1.33	0.6	-5	166.6	0	60
26	半身像-张小凡	Npc_zhangxiaofan_2	0	-1.36	0.45	-5	-174.2	0	60
27	青云男新手装	Zy_qingyunnan_001	0	-1.43	0.6	-5	175	0	60
28	青云女新手装	Zy_qingyunnv_001	0	-1.35	0.6	-5	175	0	60
29	青云男20级装备	Zy_qingyunnan_020	0	-1.43	0.6	-5	175	0	60
30	青云女20级装备	Zy_qingyunnv_010	0	-1.35	0.6	-5	175	0	60
31	青云男40级装备	Zy_qingyunnan_040	0	-1.43	0.6	-5	175	0	60
32	青云女40级装备	Zy_qingyunnv_040	0	-1.35	0.6	-5	175	0	60
33	组队角色模型-青云男	Zy_qingyunnan_020	0.026	-0.771	1.677	12.4732	180	0	60
34	组队角色模型-青云女	Zy_qingyunnv_010	0.01736552	-0.7116731	1.539733	11.66998	-179.9629	0.8080285	60
35	组队角色模型-天音男	Zy_qingyunnan_021	0.02871857	-0.7721295	1.627819	12.46211	-177.0672	0.6508954	60
36	组队角色模型-天音女	Zy_qingyunnv_011	0.01736552	-0.7116731	1.539733	11.66998	-179.9629	0.8080285	60
37	组队角色模型-鬼王男	Zy_qingyunnan_022	0.026	-0.771	1.677	12.4732	180	0	60
38	组队角色模型-鬼王女	Zy_qingyunnv_012	0.009999933	-0.75	1.610029	14.15785	177.5016	-2.091553	60
39	组队角色模型-合欢男	Zy_qingyunnan_023	0.02423943	-0.7710565	1.63	12.46212	-167.471	2.545979	60
40	组队角色模型-合欢女	Zy_qingyunnv_013	0.07	-0.69	1.63	12.94	170.97	-2.037	60
41	剑类坐骑（法宝）	null	-0.34	-2.1	3	-5	140	0	60
42	翅膀类坐骑（法宝）	null	0.05	-2.1	3	-5	154	0	60
43	麒麟坐骑	null	0.5	-2.21	6.75	-5	132.4727	0	60
44	半身像-青云男	Zy_qingyunnan_001	0	-1.38	0.95	0.76	175	0	30
45	半身像-青云女	Zy_qingyunnv_001	0	-1.26	0.98	2.83	172.29	0	30
46	半身像-天音男	Zy_qingyunnan_001	0	-1.38	0.87	-0.4	175	0	30
47	半身像-天音女	Zy_qingyunnv_001	0	-1.26	0.88	1	172.93	0	30
48	半身像-鬼王男	Zy_guiwangzong_001	0	-1.38	0.95	0.21	175	0	30
49	半身像-鬼王女	Zy_guiwangnv_001	-0.03	-1.24	0.83	-2.569977	172.96	0	30
50	半身像-合欢男	Zy_qingyunnan_001	0	-1.38	0.88	-2.889984	176.9	0	30
51	半身像-合欢女	Zy_hehuannv_020	0.03	-1.22	0.82	1.38	167	0	30
52	鬼王男新手装	Zy_guiwangzong_001	0	-1.37	0.42	-5	175	0	60
53	鬼王女新手装	Zy_guiwangnv_001	0	-1.25	0.42	-5.4	175	0	60
54	鬼王男10级装备	Zy_guiwangzongnan_010	0	-1.37	0.42	-5	175	0	60
55	鬼王女10级装备	Zy_guiwangzongnv_010	0	-1.25	0.42	-5.4	175	0	60
56	青云女120级装备	Zy_qingyunnv_120	0	-1.25	0.42	-5.4	175	0	60
57	六合镜（法宝展示）	Fb_x_liuhejing_1	-0.05	0.2	3.5	-90	-10	0	60
58	轮回珠（法宝展示）	Fb_x_lunhuizhu_1	-0.05	-0.3	3.5	-10	0	0	60
59	朱雀印（法宝展示）	Fb_x_zhuqueyin_1	0.04	-0.2	4	-90	160	0	60
60	慑心铃（法宝展示）	Fb_x_niexinling_1	-0.05	0.7	5.5	-90	0	0	60
61	青灵石（法宝展示）	Jian_hanbingjian_01	0.04	0.55	2.8	-5	90	90	60
62	控妖笛（法宝展示）	Jian_hanbingjian_01	0.04	0.55	2.8	-5	90	90	60
63	寒冰剑（法宝展示）	Jian_hanbingjian_01	-0.05	0.55	2.8	-5	90	90	60
64	紫金葫芦（法宝展示）	Fb_ty_zijinhulu_1_S	-0.05	-0.15	1.6	-90	90	90	60
65	伤心花（法宝展示）	Fb_x_shangxinhua_1	-0.05	-0.1	3.8	-29.7	24.8	-20.4	60
66	阴阳镜（法宝展示）	Fb_x_yinyangjing_1	-0.05	0.06	2.8	90	90	0	60
67	九阳尺（法宝展示）	Jian_hanbingjian_01	0.04	0.55	2.8	-5	90	90	60
68	斩相思（法宝展示）	Jian_hanbingjian_01	0.04	0.55	2.8	-5	90	90	60
69	山河扇（法宝展示）	Fb_x_shanheshan_1	-0.05	0	3.5	-90	0	0	60
70	神木骰（法宝展示）	Fb_x_shenmutou_1	-0.05	0.8	4.5	-90	-90	0	60
71	天琊（法宝展示）	Fb_x_tianyajian_1	-0.05	0.55	2.8	86	90	180	60
72	大悲金轮（法宝展示）	Fb_x_huangjinlun_1	-0.05	0.1	3	90	90	0	60
73	伏龙鼎（法宝展示）	Fb_x_fulongding_1	-0.05	-0.1	2.6	0	90	0	60
74	合欢铃（法宝展示）	Fb_x_hehuanling_1	-0.05	-0.3	4	90	-20	0	60
75	九凝玄冰刺（法宝展示）	Jian_hanbingjian_01	0.04	0.55	2.8	-5	90	90	60
76	万毒归宗袋（法宝展示）	Jian_hanbingjian_01	0.04	0.55	2.8	-5	90	90	60
77	乾坤轮回盘（法宝展示）	Fb_x_xingpan_1	-0.08	0	2.8	90	90	0	60
78	紫芒刃（法宝展示）	Fb_x_feijianzimang_1	-0.05	0.55	3	85	90	90	60
79	乾坤青光戒（法宝展示）	Fb_x_qiankunqingguangjie_1	-0.05	0	3.5	-90	155	0	60
80	羽翅（法宝展示）	Fb_qingyun_yuchi_1	-0.1	-1.23	5	-5	180	0	60
81	羽皇（法宝展示）	Fb_qingyun_yuhuang_1	-0.1	-1.23	5	-5	180	0	60
82	玄火鉴（法宝展示）	Fb_x_xuanhuojian_1	-0.05	0.5	4.5	-90	0	0	60
83	噬血珠（法宝展示）	Fb_x_shixuezhu_1	-0.05	0	2.8	-5	90	90	60
84	摄魂（法宝展示）	Fb_x_shehun_1	0.02	-0.34	2.3	-82	-49	49	60
85	噬魂（法宝展示）	Fb_shaohuogun_1	0	-0.2	1.5	-5	60	-90	60
86	六合镜坐骑	null	0.2	-2.1	3	-5	132	0	60
87	轮回珠坐骑	null	0.15	-1.7	3.5	-5	135	0	60
88	朱雀印坐骑	null	0.5	-1.5	4.5	-5	128	0	60
89	慑心铃坐骑	null	0.3	-1.97	3	-5	120	0	60
90	青灵石坐骑	null	-0.21	-2.21	3	-5	158.9943	0	60
91	控妖笛坐骑	null	-0.21	-2.21	3	-5	158.9943	0	60
92	寒冰剑坐骑	null	-0.34	-2.1	3	-5	140	0	60
93	紫金葫芦坐骑	null	0.5	-1.8	4.5	-5	135	0	60
94	伤心花坐骑	null	0.2	-2	3	-5	150	0	60
95	阴阳镜坐骑	null	0.3	-2	3	-5	140	0	60
96	九阳尺坐骑	null	-0.21	-2.21	3	-5	158.9943	0	60
97	斩相思坐骑	null	-0.21	-2.21	3	-5	158.9943	0	60
98	山河扇坐骑	null	0.3	-2.2	3	-5	115	0	60
99	神木骰坐骑	null	0.2	-2	3	-5	100	0	60
100	天琊坐骑	null	-0.3	-2.1	2.8	-5	150	0	60
101	大悲金轮坐骑	null	0.2	-2.3	3	-5	140	0	60
102	伏龙鼎坐骑	null	0.3	-1.9	3.6	-5	120	0	60
103	合欢铃坐骑	null	0.2	-2	3	-5	120	0	60
104	九凝玄冰刺坐骑	null	-0.21	-2.21	3	-5	158.9943	0	60
105	万毒归宗袋坐骑	null	-0.21	-2.21	3	-5	158.9943	0	60
106	乾坤轮回盘坐骑	null	0.05	-2.05	2.8	-5	132	0	60
107	紫芒刃坐骑	null	-0.2	-2	3	-5	130	0	60
108	乾坤青光戒坐骑	null	0.3	-2.2	3	-5	140	0	60
109	羽翅坐骑	null	0.1	-1.7	3	-5	-174	0	60
110	羽皇坐骑	null	0.1	-1.7	3	-5	-174	0	60
111	玄火鉴坐骑	null	0.3	-2.1	2.8	-5	120	0	60
112	噬血珠坐骑	null	0.3	-2	3	-5	140	0	60
113	摄魂坐骑	null	0.1	-2	2.6	-5	135	0	60
114	噬魂坐骑	null	0.05	-2	2.6	-5	130	0	60
115	宠物测试模型	Npc_dahuanggou_01	0	-0.26	1.28	-3.6	-151	0	60
116	合欢女20级装备	Zy_hehuannv_020	0	-1.25	0.42	-5.4	175	0	60
117	田不易	Npc_tianbuyi_1	0.08	-1.09	0.69	-2.77002	-172.49	0	60
118	毒神	Npc_dushen_1	-0.01	-1.33	0.72	-5	-178.92	0	60
119	少年张小凡	Npc_shaonianzhangxiaofan_1	0.02	-1.13	0.38	-0.62	166.6	0	60
120	碧瑶（新手引导）	Npc_biyao_1	-0.16	-1.2	3.05	0	-179	1.6	10
121	鬼王女NPC	Npc_guiwangnvdizi_001	0.02	-1.2	0.5	-4.200012	170.83	-2.929901	60
122	组队角色模型-青云男	Zy_qingyunnan_020	0.026	-0.771	1.677	12.4732	180	0	60
123	组队角色模型-青云女	Zy_qingyunnv_010	0.01736552	-0.7116731	1.539733	11.66998	-179.9629	0.8080285	60
124	组队角色模型-天音男	Zy_qingyunnan_021	0.02871857	-0.7721295	1.627819	12.46211	-177.0672	0.6508954	60
125	组队角色模型-天音女	Zy_qingyunnv_011	0.01736552	-0.7116731	1.539733	11.66998	-179.9629	0.8080285	60
126	组队角色模型-鬼王男	Zy_qingyunnan_022	0.026	-0.771	1.677	12.4732	180	0	60
127	组队角色模型-鬼王女	Zy_qingyunnv_012	0.009999933	-0.75	1.610029	14.15785	177.5016	-2.091553	60
128	组队角色模型-合欢男	Zy_qingyunnan_023	0.02423943	-0.7710565	1.63	12.46212	-167.471	2.545979	60
129	组队角色模型-合欢女	Zy_qingyunnv_013	0.07	-0.69	1.63	12.94	170.97	-2.037	60
130	鬼王	Npc_guiwang_1	0	-1.68	1.44	9.710139	-178.29	-0.499939	60
131	肥龙	Npc_feilong_1	-0.03	-1.1	0.62	-1.23	171.66	0	60
132	苍松	Npc_cangsongdaoren_1	0	-1.37	0.4	-11.60001	174.01	0	60
133	文敏	Npc_wenmin_1	0	-1.23	0.48	-5	163.2	0	60
134	萧逸才	Npc_xiaoyicai_1	0.15	-1.32	0.48	-6.199951	-170.32	-5.899994	60
135	曾书书	Npc_zengshushu_1	0	-1.3	0.7	2.84002	-168.93	0	60
136	巫妖	Npc_wuyao_1	0.01	-1.32	0.4	-11.6	161.1	0	60
137	毒尸1	Npc_dushi_1	0.05	-1.55	0.6	-11.60001	156.3	0	60
138	狐妖	Npc_huyao_1	0.02	-1.18	0.6	-4.75	164.6	0	60
139	苗族女战士	Npc_miaozunvzhanshi_1	0.05	-1.21	0.4	-7.9	-179.05	-3.039978	60
140	宠物-普通-顽猴-1级	Npc_houzi_1	0	-0.26	1.28	-3.6	-151	0	60
141	宠物-稀有-顽猴-1级	Npc_houzi_3	0	-0.26	1.28	-3.6	-151	0	60
142	宠物-普通-顽猴-12级	Npc_houzi_4	0	-0.26	1.28	-3.6	-151	0	60
143	宠物-稀有-顽猴-12级	Npc_houzi_5	0	-0.26	1.28	-3.6	-151	0	60
144	宠物-普通-广寒玉兔-1级	Npc_tuzi_1	-0.03	-0.22	1.08	0	-127.59	0	60
145	宠物-稀有-广寒玉兔-1级	Npc_tuzi_2	-0.03	-0.22	1.08	0	-127.59	0	60
146	宠物-普通-广寒玉兔-12级	Npc_tuzi_3	-0.03	-0.22	1.08	0	-127.59	0	60
147	宠物-稀有-广寒玉兔-12级	Npc_tuzi_4	-0.03	-0.22	1.08	0	-127.59	0	60
148	宠物-普通-魅心蝶精-1级	Npc_diejing_1	0	-0.94	2.5	0	179.12	0	60
149	宠物-稀有-魅心蝶精-1级	Npc_diejing_2	0	-0.94	2.5	0	179.12	0	60
150	宠物-普通-魅心蝶精-12级	Npc_diejing_3	0	-0.94	2.5	0	179.12	0	60
151	宠物-稀有-魅心蝶精-12级	Npc_diejing_4	0	-0.94	2.5	0	179.12	0	60
152	宠物-普通-冰原雪熊-1级	Npc_xiong_1	0	-0.54	2.1	-3.6	-150.89	0	60
153	宠物-稀有-冰原雪熊-1级	Npc_xiong_3	0	-0.54	2.1	-3.6	-150.89	0	60
154	宠物-普通-冰原雪熊-12级	Npc_xiong_2	0	-0.54	2.1	-3.6	-150.89	0	60
155	宠物-稀有-冰原雪熊-12级	Npc_xiong_4	0	-0.54	2.1	-3.6	-150.89	0	60
156	宠物-普通-七彩麋鹿-1级	Npc_qicaimilu_2	0	-0.45	1.7	0	-110.7	0	60
157	宠物-稀有-七彩麋鹿-1级	Npc_qicaimilu_3	0	-0.45	1.7	0	-110.7	0	60
158	宠物-普通-七彩麋鹿-12级	Npc_qicaimilu_1	0	-0.45	1.7	0	-110.7	0	60
159	宠物-稀有-七彩麋鹿-12级	Npc_qicaimilu_4	0	-0.45	1.7	0	-110.7	0	60
160	宠物-普通-嗜血蝙蝠-1级	Npc_bianfu_1	-0.1	-1.32	1.83	-3.6	-143.39	0	60
161	宠物-稀有-嗜血蝙蝠-1级	Npc_bianfu_2	-0.1	-1.32	1.83	-3.6	-143.39	0	60
162	宠物-普通-嗜血蝙蝠-12级	Npc_bianfu_3	-0.1	-1.32	1.83	-3.6	-143.39	0	60
163	宠物-稀有-嗜血蝙蝠-12级	Npc_bianfu_4	-0.1	-1.32	1.83	-3.6	-143.39	0	60
164	宠物-普通-花魅公主-1级	Npc_huajing_2	0	-0.85	2.5	-3.6	172.75	0	60
165	宠物-稀有-花魅公主-1级	Npc_huajing_4	0	-0.85	2.5	-3.6	172.75	0	60
166	宠物-普通-花魅公主-12级	Npc_huajing_3	0	-0.85	2.4	-3.6	165.56	0	60
167	宠物-稀有-花魅公主-12级	Npc_huajing_1	0	-0.85	2.4	-3.6	165.56	0	60
168	宠物-普通-狐狸-1级	Npc_jiuweitianhu_2	0	-0.44	1.8	-0.6	-153	0	60
169	宠物-稀有-狐狸-1级	Npc_jiuweitianhu_3	0	-0.44	1.8	-0.6	-153	0	60
170	宠物-普通-狐狸-12级	Npc_jiuweitianhu_4	0	-0.44	1.8	-0.6	-153	0	60
171	宠物-稀有-狐狸-12级	Npc_jiuweitianhu_1	0	-0.44	1.8	-0.6	-153	0	60
172	宠物-普通-猫头鹰-1级	Npc_maotouying_1	-0.13	-0.89	1.31	0	-157.61	0	60
173	宠物-稀有-猫头鹰-1级	Npc_maotouying_3	-0.13	-0.89	1.31	0	-157.61	0	60
174	宠物-普通-猫头鹰-12级	Npc_maotouying_2	-0.13	-0.89	1.31	0	-157.61	0	60
175	宠物-稀有-猫头鹰-12级	Npc_maotouying_4	-0.13	-0.89	1.31	0	-157.61	0	60
176	宠物-普通-守护石灵-1级	Npc_shouhushiling_2	0	-0.46	2.72	0	180	0	60
177	宠物-稀有-守护石灵-1级	Npc_shouhushiling_3	0	-0.46	2.72	0	180	0	60
178	宠物-普通-守护石灵-12级	Npc_shouhushiling_1	0	-0.46	2.72	0	180	0	60
179	宠物-稀有-守护石灵-12级	Npc_shouhushiling_4	0	-0.46	2.72	0	180	0	60
180	宠物-普通-彩翼黄鸟-1级	Npc_huangniao_1	-0.52	-1.5	5.26	-3.6	-149.9	0	60
181	宠物-稀有-彩翼黄鸟-1级	Npc_huangniao_4	-0.52	-1.5	5.26	-3.6	-149.9	0	60
182	宠物-普通-彩翼黄鸟-12级	Npc_huangniao_3	-0.52	-1.5	5.26	-3.6	-149.9	0	60
183	宠物-稀有-彩翼黄鸟-12级	Npc_huangniao_2	-0.52	-1.5	5.26	-3.6	-149.9	0	60
184	怨灵-女	Npc_yuanlingnv_1	0.03	-1.47	0.33	-11.60001	164.56	0	60
185	家丁	Npc_jiading_1	-0.02	-1.35	0.6	-0.1	156.3	0	60
186	小白	Npc_xiaobai_1	0	-1.2	0.51	-3.23999	167.66	0	60
187	苏茹	Npc_suru_1	0	-1.18	0.54	-1.9	162.75	0	60
188	李洵	Npc_lixun_1	-0.03	-1.36	0.7	5.7	173.8	0	60
189	琥珀朱绫（法宝展示）	Fb_x_hupozhuling_1	-0.05	0	2.3	-90	-10	0	60
190	琥珀朱绫坐骑	null	0.1	-2	2.7	-5	158.9943	0	60
191	家族聚餐-大餐	Npc_Hongshaoyu_1	0.08	-1.35	2.42	-0.007293701	90.08333	-26.7511	60
192	家族聚餐-中餐	Npc_Hongshaoyu_1	0.08	-1.35	2.42	-0.007293701	90.08333	-26.7511	60
193	家族聚餐-小餐	Npc_Hongshaoyu_1	0.08	-1.35	2.42	-0.007293701	90.08333	-26.7511	60
194	宠物-普通-萌狗-1级	Npc_dahuanggou_01	0	-0.26	1.28	-3.6	-151	0	60
195	宠物-稀有-萌狗-1级	Npc_dahuanggou_03	0	-0.26	1.28	-3.6	-151	0	60
196	宠物-普通-萌狗-12级	Npc_dahuanggou_02	0	-0.26	1.28	-3.6	-151	0	60
197	宠物-稀有-萌狗-12级	Npc_dahuanggou_04	0	-0.26	1.28	-3.6	-151	0	60
198	碧瑶	Npc_biyao_1	-0.03	-1.2	0.48	0	177.34	1.6	60
199	诛仙剑（法宝展示）	Fb_x_zhuxiangujian_1	-0.05	0.54	2.8	80.6	57.6	58	60
200	诛仙剑坐骑	null	-0.6	-2	3	-5	130	0	60
201	聊天室角色模型-青云男	Zy_qingyunnan_020	-0.2058845	-0.5226631	2.625567	12.63044	176.5602	1.353359	60
202	聊天室角色模型-青云女	Zy_qingyunnv_010	0.4009983	-0.546397	2.641	14.86643	-174.7613	-2.702179	60
203	聊天室角色模型-天音男	Zy_qingyunnan_020	-0.2058845	-0.5226631	2.625567	12.63044	176.5602	1.353359	60
204	聊天室角色模型-天音女	Zy_qingyunnv_010	0.4009983	-0.546397	2.641	14.86643	-174.7613	-2.702179	60
205	聊天室角色模型-鬼王男	Zy_qingyunnan_020	-0.2058845	-0.5226631	2.625567	12.63044	176.5602	1.353359	60
206	聊天室角色模型-鬼王女	Zy_qingyunnv_010	0.4009983	-0.546397	2.641	14.86643	-174.7613	-2.702179	60
207	聊天室角色模型-合欢男	Zy_qingyunnan_020	-0.2058845	-0.5226631	2.625567	12.63044	176.5602	1.353359	60
208	聊天室角色模型-合欢女	Zy_qingyunnv_010	0.4009983	-0.546397	2.641	14.86643	-174.7613	-2.702179	60
209	摆摊模型	Npc_baitan_1	-0.034	-0.84	1.05	-7.259857	171.8	5.38E-08	60
210	店小二	Npc_dianxiaoer_1	-0.02	-1.35	0.6	-0.1	156.3	0	60
211	铁匠	Npc_tiejiang_1	-0.02	-1.6	1.04	2.500018	170.29	0	60
212	赌徒	Npc_dutu_1	-0.02	-1.35	0.6	-0.1	167.51	0	60
213	书生	Npc_shusheng_1	-0.02	-1.35	0.6	-0.1	156.3	0	60
214	小男孩	Npc_xiaonanhai_1	0	-1.1	0.3	-5.619904	171.4	0	60
215	小女孩	Npc_xiaonvhai_1	0	-1.14	0.37	-0.1	156.3	0	60
216	乞丐	Npc_qigai_1	-0.02	-1.3	0.6	-0.1	-179.56	0	60
217	卫兵	Npc_weibing_1	0.14	-1.63	1.36	6.32	-173.61	0	60
218	毒尸2	Npc_dushi_2	0.08	-1.45	0.43	-11.60001	156.3	0	60
219	姜老三	Npc_jianglaosan_1	0.02	-1.36	0.4	-7.85	156.3	0	60
220	树妖	Npc_shuyao_1	0.08	-1.36	1.55	-7.85	166.23	0	60
221	林惊羽	Npc_linjingyu_1	0.04	-1.32	0.65	-0.1000061	-164.44	0	60
222	三眼凶猴	Npc_shuyao_1	0.08	-1.36	-1.49	-7.85	166.23	0	60
223	杜必书	Npc_dubishu_1	0	-1.41	0.43	-3.8	169.19	0	60
224	水贼	Npc_shuizei_1	-0.02	-1.32	0.57	-0.1	-179.56	0	60
225	苗族男战士	Npc_miaozunanzhanshi_1	-0.02	-1.56	1.03	-0.1	-179.56	0	60
226	年老大	Npc_nianlaoda_1	0	-1.1	0.64	-3.32	168.06	0	60
227	百毒子	Npc_baiduzi_1	0	-1.1	0.4	-3.32	168.06	0	60
228	石头	Npc_shitou_1	0	-1.08	0.6	-0.1400146	168.06	0	60
229	钱庄老板	Npc_qianzhuanglaoban_1	0.08	-1.16	0.71	-3.32	-170.98	0	60
230	大巫师	Npc_dawushi_1	0	-1.12	0.9	-3.32	171.89	0	60
231	老太太	Npc_laotaitai_1	0.06	-1.12	0.73	-3.32	171.89	0	60
232	月老	Npc_yuelao_1	0.08	-1.12	0.73	-3.32	-176.28	0	60
233	鬼先生	Npc_guixiansheng_1	-0.02	-1.75	0.6	-3.8	176.09	0	60
234	黑心老人	Npc_heixinlaoren_1	-0.02	-1.33	0.55	-7.599976	161.6	0	60
235	吸血老妖	Npc_xixuelaoyao_1	-0.02	-1.3	0.58	-3.8	178.6	0	60
236	云易岚	Npc_yunyilan_1	-0.02	-1.35	0.55	-3.8	169.19	0	60
237	渔翁	Npc_yuweng_1	-0.02	-1.38	0.73	-3.8	173.65	0	60
238	玉阳子	Npc_yuyangzi_1	-0.02	-1.34	0.75	-3.8	169.19	0	60
239	山贼	Npc_shanzei_1	-0.02	-1.29	0.52	-3.8	-175.82	0	60
240	车夫	Npc_chefu_1	-0.02	-1.36	0.6	0.4	168.84	0	60
241	盗宝贼	Npc_daobaozei_1	-0.02	-1.37	0.64	1.8	162.63	0	60
242	青龙	Npc_daobaozei_1	-0.02	-1.37	0.64	1.8	162.63	0	60
243	秦无炎	Npc_qinwuyan_1	-0.05	-1.37	0.7	1.8	162.63	0	60
244	上官策	Npc_shangguance_1	-0.05	-1.37	0.79	1.8	162.63	0	60
245	妖僧	Npc_yaoseng_1	-0.05	-1.38	0.79	1.8	162.63	0	60
246	黎族男战士	Npc_lizunanzhanshi_1	0	-1.56	1.27	-0.1	-179.56	0	60
247	古巫族男战士	Npc_guwuzunan_1	0.02	-1.58	1.27	9.20005	178.8	0	60
248	宋大仁	Npc_songdaren_1	0	-1.49	1.5	18.41	179.47	0	60
249	野狗道人	Npc_yegoudaoren_1	0	-1.56	1.41	7.680001	-179.56	0	60
250	鱼人	Npc_renyu_1	0.08	-1.29	1.56	-7.85	162.01	0	60
251	黎族女战士	Npc_lizunvzhanshi_1	0	-1.22	0.57	-0.1	168	0	60
252	燕虹	Npc_yanhong_1	-0.11	-1.18	0.3	-0.85	179.7	3.3	60
253	花魅	Npc_huamei_1	0	-1.22	0.43	-9.46	168.29	0	60
254	金瓶儿	Npc_jinpinger_1	0.02	-1.22	0.57	-9.11	170.9	0	60
255	少妇	Npc_shaofu_1	0.02	-1.22	0.57	-9.11	170.9	0	60
256	水月大师	Npc_shuiyuedashi_1	0.02	-1.22	0.44	-9.11	171.29	0	60
257	田灵儿	Npc_tianlinger_1	0.02	-1.23	0.44	-6.86	161.13	0	60
258	小倩	Npc_xiaoqian_1	0.02	-1.22	0.49	-6.86	166.1	0	60
259	古巫族女战士	Npc_guwuzunvzhanshi_1	0	-1.22	0.57	-0.1	174.58	0	60
260	幽姬	Npc_youji_1	0.05	-1.22	0.57	-0.1000061	174.58	-5.800018	60
261	婚礼飞剑	Fb_x_hunli_1	-0.6	-2.1	3	0	130	0	60
262	怨灵-男	Npc_yuanlingnan_1	0.03	-1.59	0.45	-11.60001	164.56	0	60
263	青云男 商城预览	Zy_qingyunnan_020	-0.005	-0.72	1.65	0	-180	0	60
264	青云女 商城预览	Zy_qingyunnv_010	-0.012	-0.63	1.61	0	-176.2522	0	60
265	天音男 商城预览	Zy_qingyunnan_021	-0.005	-0.72	1.65	0	-180	0	60
266	天音女 商城预览	Zy_qingyunnv_011	-0.012	-0.63	1.61	0	-176.2522	0	60
267	鬼王男 商城预览	Zy_guiwangzongnan_010	-0.005	-0.72	1.65	0	-180	0	60
268	鬼王女 商城预览	Zy_guiwangzongnv_010	-0.012	-0.63	1.61	0	-176.2522	0	60
269	合欢男 商城预览	Zy_qingyunnan_023	-0.005	-0.72	1.65	0	-165.5248	0	60
270	合欢女 商城预览	Zy_qingyunnv_013	-0.012	-0.63	1.61	0	170.578	0	60
271	狒狒	Npc_yehouzi_1	0.1	-3.03	4.4	-7.85	168.87	0	60
272	魔化兽神	Npc_mohuashoushen_1	0	-1.11	0.44	-0.1	173.9	0	60
273	兽神	Npc_zhengchangshenshou_1	0	-1.14	0.45	-0.1	168.69	0	60
274	普德	Npc_pude_1	-0.03	-1.36	0.68	4.260027	172.46	0	60
275	普泓	Npc_puhong_1	0	-1.45	0.6	-11.80002	168.22	0	60
276	法善	Npc_pushan_1	0.12	-1.57	0.96	-0.69	178.8	0	60
277	普智	Npc_puzhi_1	0	-1.14	0.73	-0.69	171.67	0	60
278	法相	Npc_faxiang_1	0.04	-1.35	0.45	-9.900024	172.3	-2.970032	60
279	万云天	Npc_chengzhu_1	0	-1.24	0.56	-5.37	163.37	0	60
280	万剑一	Npc_wanjianyi_1	0	-1.43	0.6	-7.790009	171.3	0	60
281	端木老祖	Npc_duanmulaozu_1	0.1	-1.62	1.1	-5.37	-169.79	0	60
282	图麻骨	Npc_tumagu_1	0.1	-1.62	1.1	-5.37	-169.79	0	60
283	宠物-稀有-蘑菇仙人-1级（分享活动专用）	Npc_moguxian_3	0	-0.23	1.13	0	149.98	0	60
284	吕顺	Npc_lvshun_1	0.07	-1.65	1.29	7.680001	-173.91	0	60
285	齐昊	Npc_qihao_1	-0.01	-1.4	0.7	0	166.98	0	60
286	糖葫芦小贩	Npc_dianxiaoer_1	0.07	-1.07	0.67	-1.059	173.04	0	60
287	玄武	Npc_xuanwu_1	-0.01	-1.12	0.94	-2.77	169	0	60
288	饕餮	Npc_taotie_1	0.08	-2.34	4.4	-5.32	168.44	0	60
289	Man/Child通用	Npc_shitou_1	0	-1.1	1.1	-2.16	168.06	0	30
290	Man/Fat通用	Npc_feilong_1	0	-1.13	1.6	0.41	168.06	0	30
291	Man/Fat/One_Sword通用	Npc_tianbuyi_1	0.05	-1.13	1.6	0.41	179.66	0	30
292	Man/MatureMan/Long_Magic通用	Npc_zhouyixian_1	0	-1.34	1.25	0.41	177.55	0	30
293	Man/MatureMan/Magic通用	Npc_dushen_1	-0.05	-1.4	1.38	0.41	171.16	0	30
294	Man/MatureMan/Ghost通用	Npc_guixiansheng_1	0	-1.7	1.45	0.41	171.16	0	30
295	Man/MatureMan/No_Weapon通用	Npc_chefu_1	-0.02	-1.38	1.35	2.98	171.16	0	30
296	Man/MatureMan/One_Sword通用	Npc_qingyunnandizi_1	0	-1.33	1.3	2.98	-174.9	0	30
297	Man/Strong/Long_Weapon通用	Npc_pushan_1	0	-1.67	1.7	0.41	178.29	0	30
298	Man/Strong/Magic通用	Npc_guiwang_1	-0.05	-1.75	1.85	0.2	177.29	0	30
299	Man/Strong/No_Weapon通用	Npc_tumagu_1	0	-1.67	1.85	0.41	-171.5	0	30
300	Man/Strong/One_Sword通用	Npc_tiejiang_1	-0.02	-1.67	1.85	0.41	176	0	30
301	Man/Titan通用	Npc_renyu_1	0.02	-1.6	3.24	0.41	168.87	0	30
302	Woman/MatureWoman/Ghost通用	Npc_yuanlingnv_1	-0.02	-1.54	1.25	0.41	171.16	0	30
303	Woman/MatureWoman/Long_Weapon通用	Npc_lizunvzhanshi_1	0.04	-1.2	1.2	0.41	175.14	0	30
304	Woman/MatureWoman/Magic通用	Npc_biyao_1	0.04	-1.22	0.99	0.41	178.05	0	30
305	Woman/MatureWoman/No_Weapon通用	Npc_yanhong_1	-0.02	-1.22	0.99	0.41	175.31	0	30
306	Woman/MatureWoman/One_Sword通用	Npc_luxueqi_1	-0.02	-1.23	1.05	0.41	174.66	0	30
307	宠物-稀有-饕餮（VIP17专用）	Npc_taotie_1	0.07998657	-1.270691	6.4	0	-157	0	60
308	首充奖励武器-青云	Jian_20_1	0.123	0.2	2.261	-40.18268	-89.99991	79.99992	60
309	首充奖励武器-天音	Zhang_20_1	0.161	0.275	2.451	-40.18268	-89.99991	79.99992	60
310	首充奖励武器-鬼王	Ren_20_1	-0.246	-0.162	3.11	-40.18268	-89.99991	79.99992	60
311	首充奖励武器-合欢	Huan_20_1_L	-0.115	-0.121	1.294	-40.18268	-89.99991	79.99992	60
312	青云男（时装界面）	Zy_qingyunnan_020	-0.005	-0.76	1.77	0	-180	0	60
313	青云女（时装界面）	Zy_qingyunnv_010	0.07855225	-0.64	1.468352	0	-176.2522	0	60
314	天音男（时装界面）	Zy_qingyunnan_021	-0.005	-0.76	1.77	0	-180	0	60
315	天音女（时装界面）	Zy_qingyunnv_011	0.07855225	-0.64	1.468352	0	-176.2522	0	60
316	鬼王男（时装界面）	Zy_guiwangzongnan_010	-0.005	-0.76	1.77	0	-180	0	60
317	鬼王女（时装界面）	Zy_guiwangzongnv_010	-0.012	-0.64	1.474	0	-176.2522	0	60
318	合欢男（时装界面）	Zy_qingyunnan_023	-0.005	-0.76	1.77	0	-165.5248	0	60
319	合欢女（时装界面）	Zy_qingyunnv_013	0.07855225	-0.64	1.468352	0	170.578	0	60
320	青云男（活动分享界面）	Zy_qingyunnan_020	-0.005	-0.76	2.55	0	-180	0	60
321	青云女（活动分享界面）	Zy_qingyunnv_010	0.07855225	-0.64	2.248352	0	-176.2522	0	60
322	天音男（活动分享界面）	Zy_qingyunnan_021	-0.005	-0.76	2.55	0	-180	0	60
323	天音女（活动分享界面）	Zy_qingyunnv_011	0.07855225	-0.64	2.248352	0	-176.2522	0	60
324	鬼王男（活动分享界面）	Zy_guiwangzongnan_010	-0.005	-0.76	2.55	0	-180	0	60
325	鬼王女（活动分享界面）	Zy_guiwangzongnv_010	-0.012	-0.64	2.254	0	-176.2522	0	60
326	合欢男（活动分享界面）	Zy_qingyunnan_023	-0.005	-0.76	2.55	0	-165.5248	0	60
327	合欢女（活动分享界面）	Zy_qingyunnv_013	0.07855225	-0.64	2.248352	0	170.578	0	60
328	V1奖励坐骑	null	0	-1	3.3	-5	132.4727	0	60
329	V16奖励坐骑	null	0.8	-2.21	5.2	-5	140	0	60
330	镇魔古洞掉落坐骑	null	0.5	-2	6	-5	132.4727	0	60
331	七脉会武高级奖励座骑	null	-0.1	-1	3.5	-5	132.4727	0	60
332	花嫁	null	0.9	-2.21	7.5	-5	132.4727	0	60
333	商城出售坐骑1	null	0.2	-1.3	3.8	-5	132.4727	0	60
334	每日抽奖坐骑-狼变色	null	-0.1	-1	3.5	-5	132.4727	0	60
335	友好度里程碑坐骑	null	0.5	-1.5	4.5	-5	128	0	60
336	宠物-稀有-蘑菇仙人-12级（分享活动专用）	Npc_moguxian_1	0	-0.26	1.28	-3.6	156.51	0	60
337	绿色麒麟	null	0.5	-1.8	5.25	-5	132.4727	0	60
338	红色麒麟	null	0.5	-2.21	7.5	-5	132.4727	0	60
339	镇魔古洞-聚火盆	Npc_Juhuopen	0	0	999	0	0	0	60
340	镇魔古洞-传送石	Npc_Chuansongzhen	0	0	999	0	0	0	60
341	云马	null	0.5	-2	5	-5	132.4727	0	60
342	白泽	null	0.5	-2	5	-5	132.4727	0	60
343	彩翼黄鸟	null	0.5	-1.5	4.5	-5	128	0	60
344	VIP界面展示-V1白虎坐骑	null	-0.04	-0.82	2.5	-5	132.4727	0	60
345	VIP界面展示-V2寒冰剑（法宝展示）	Jian_hanbingjian_01	-0.05	0.55	1.6	-5	90	90	60
346	VIP界面展示-V10噬血珠（法宝展示）	Fb_x_shixuezhu_1	0.01	0	1.45	-5	90	90	60
347	VIP界面展示-V12摄魂（法宝展示）	Fb_x_shehun_1	0.02	-0.34	1.3	-82	-49	49	60
348	VIP界面展示-V16敖弘坐骑	null	-0.93	-2.04	4.15	-5	140	0	60
349	VIP界面展示-V17宠物-稀有-饕餮（VIP17专用）	Npc_taotie_1	0.07998657	-1.7	5.11	0	-157	0	60
350	VIP界面展示-V18诛仙剑（法宝展示）	Fb_x_zhuxiangujian_1	-0.05	0.54	1.52	80.6	57.6	58	60
351	花嫁	null	0.2	-3	5.6	0	164	0	60
352	石头雕像	Npc_shitoudiaoxiang_1	0	-1.95	0.42	-7.790039	178.2	0	60
353	聚宝盆	Npc_baoxiang_1	0	-0.67	1.64	0	0	0	60
354	四灵幡（法宝展示）	Fb_x_silingfan_1	-0.05	0.6	3.8	-90	-10	0	60
355	多情环（法宝展示）	Fb_x_duoqinghuan_1	-0.05	-0.05	3	-10	-177.5	0	60
356	四灵幡坐骑	null	0.2	-2.1	3	-5	132	0	60
357	多情环坐骑	null	0.15	-1.7	3.5	-5	135	0	60
358	玉兔	null	0	-1.5	4	-5	132	0	60
359	斩龙剑（法宝展示）	Fb_x_zhanlongjian_1	-0.05	0.55	2.8	86	90	180	60
360	斩龙剑坐骑	null	-0.3	-2.1	3	-5	145	0	60
361	玉兔	null	0	-1.5	4	-5	132	0	60
362	鲲鹏	null	-0.5	-2	5.3	-5	135	0	60
363	敖蒙	null	-0.5	-2	5.3	-5	135	0	60
364	单身狗	null	0	-1	3	-5	135	0	60
365	驯鹿	null	0.5	-2	5	-5	145	0	60
366	宠物-普通-缥缈之影-1级	Npc_piaomiaozhiying_2	0	-0.94	2.5	0	179.12	0	60
367	宠物-稀有-缥缈之影-1级	Npc_piaomiaozhiying_1	0	-0.94	2.5	0	179.12	0	60
368	宠物-普通-缥缈之影-12级	Npc_piaomiaozhiying_3	0	-0.94	2.5	0	179.12	0	60
369	宠物-稀有-缥缈之影-12级	Npc_piaomiaozhiying_4	0	-0.94	2.5	0	179.12	0	60
370	宠物-普通-御天雷神-1级	Npc_leizhenzi_4	0	-0.94	2.5	0	179.12	0	60
371	宠物-稀有-御天雷神-1级	Npc_leizhenzi_1	0	-0.94	2.5	0	179.12	0	60
372	宠物-普通-御天雷神-12级	Npc_leizhenzi_2	0	-0.94	2.5	0	179.12	0	60
373	宠物-稀有-御天雷神-12级	Npc_leizhenzi_3	0	-0.94	2.5	0	179.12	0	60
374	宠物-普通-猎鹰-1级	Npc_lieying_1	-0.52	-1.5	5.26	-3.6	-149.9	0	60
375	宠物-稀有-猎鹰-1级	Npc_lieying_3	-0.52	-1.5	5.26	-3.6	-149.9	0	60
376	宠物-普通-猎鹰-12级	Npc_lieying_2	-0.52	-1.5	5.26	-3.6	-149.9	0	60
377	宠物-稀有-猎鹰12级	Npc_lieying_4	-0.52	-1.5	5.26	-3.6	-149.9	0	60
378	宠物-普通-应龙-1级	Npc_yinglong_1	-0.52	-1.5	5.26	-3.6	-149.9	0	60
379	宠物-稀有-应龙-1级	Npc_yinglong_3	-0.52	-1.5	5.26	-3.6	-149.9	0	60
380	宠物-普通-应龙-12级	Npc_yinglong_2	-0.52	-1.5	5.26	-3.6	-149.9	0	60
381	宠物-稀有-应龙-12级	Npc_yinglong_4	-0.52	-1.5	5.26	-3.6	-149.9	0	60
382	白泽变色	null	0.5	-2	5	-5	132.4727	0	60
383	九色鹿	null	0.5	-2	5	-5	132.4727	0	60
384	宠物-普通-雪人-1级	Npc_xueren_1	0	-0.37	1.77	0	178.02	0	60
385	宠物-稀有-雪人-1级	Npc_xueren_4	0	-0.37	1.77	0	178.02	0	60
386	宠物-普通-雪人-12级	Npc_xueren_2	0	-0.37	1.77	0	178.02	0	60
387	宠物-稀有-雪人-12级	Npc_xueren_3	0	-0.37	1.77	0	178.02	0	60
388	宠物-稀有-蘑菇仙人-1级（隐藏任务专用）	Npc_moguxian_2	0	-0.23	1.13	0	149.98	0	60
389	魔古人	Npc_moguxianren_1	0	-0.37	0.71	0	178.02	0	60
390	Man/Wildman通用	Npc_yeren_1	0.1	-1.76	2.5	0.41	-167.98	0	30
391	鹿女通用	Npc_wahuanglingzu_1	0	-1.17	0.8	-0.1	179.79	0	60
392	Animal/Naga通用	Npc_wahuanglingzu_1	0.05	-1.2	0.44	-0.1	-179.69	0	60
393	天琊变色坐骑	null	-0.3	-2.1	2.8	-5	150	0	60
394	大悲金轮变色坐骑	null	0.2	-2.3	3	-5	140	0	60
395	伏龙鼎变色坐骑	null	0.3	-1.9	3.6	-5	120	0	60
396	合欢铃变色坐骑	null	0.2	-2	3	-5	120	0	60
397	金鸡	null	0	-1.4	4.2	-5	125	0	60
398	爆竹（法宝展示）	Fb_x_baozhu_1	0.04	-0.5	2.8	-60	-90	0	60
399	爆竹坐骑	null	-0.3	-1.75	4.2	-5	144.5	0	60
400	幻灵石 - 张小凡	Npc_zhangxiaofan_2	-0.005	-0.76	1.77	0	-180	0	60
401	幻灵石 - 三尾	Npc_xiaoqian_1	-0.005	-0.76	1.77	0	-180	0	60
402	幻灵石 - 杜必书	Npc_dubishu_1	-0.005	-0.89	1.95	0	-180	0	60
403	幻灵石 - 狐妖	Npc_huyao_1	-0.005	-0.76	1.77	0	-180	0	60
404	幻灵石 - 周一仙	Npc_zhouyixian_1	0.03	-0.85	1.96	0	-180	0	60
405	幻灵石 - 小环	Npc_xiaohuan_1	-0.005	-0.76	1.76	0	-180	0	60
406	幻灵石 - 林惊羽	Npc_linjingyu_1	-0.005	-0.86	1.85	0	-180	0	60
407	宠物-普通-小猫-1级	NPC_chongwumao_1	0	-0.26	1.28	-3.6	-151	0	60
408	宠物-稀有-小猫-1级	NPC_chongwumao_3	0	-0.26	1.28	-3.6	-151	0	60
409	宠物-普通-小猫-12级	NPC_chongwumao_2	0	-0.26	1.28	-3.6	-151	0	60
410	宠物-稀有-小猫-12级	NPC_chongwumao_4	0	-0.26	1.28	-3.6	-151	0	60
411	长生界-隐藏任务-猴头魔	Npc_moguxian_2	0	-0.37	0.71	0	178.02	0	60
412	长生界-隐藏任务-香香古	Npc_moguxian_4	0	-0.37	0.71	0	178.02	0	60
413	盛如夏花	null	0.2	-2.3	2.8	-5	150	0	60
414	锦绣未央	null	0.5	-2	5	-5	132.4727	0	60
415	宠物-稀有-小墨妹-1级（异业合作专用）	Npc_xiaomomei_1	0	-0.37	1.77	0	178.02	0	60
416	宠物-普通-小鸡-1级	Npc_xiaohuangji_1	0	-1	4.41	0	-155.59	0	60
417	宠物-稀有-小鸡-1级	Npc_xiaohuangji_2	0	-1	4.41	0	-155.59	0	60
418	宠物-普通-小鸡-12级	Npc_xiaohuangji_3	0	-1	4.41	0	-155.59	0	60
419	宠物-稀有-小鸡-12级	Npc_xiaohuangji_4	0	-1	4.41	0	-155.59	0	60
420	魔古人	Npc_moguxian_3	0	-0.5	0.99	0	149.98	0	60
421	元宵花灯	null	0.2	-2.21	3.5	-5	132.4727	0	60
422	凤凰	null	0.5	-1.5	4.5	-5	128	0	60
423	幻影陆吾	null	0.2	-1.3	3.8	-5	132.4727	0	60
