Id	Desc	Name	Desc	Type	GrowthDefault	GrowthMin	GrowthLowSection	GrowthHighSection	GrowthMax	LowGrowthWeight	MidGrowthWeight	HighGrowthWeight	DouzhiZZDefault	DouzhiZZMin	DouzhiZZLowSection	DouzhiZZHighSection	DouzhiZZMax	LowDouzhiZZWeight	MidDouzhiZZWeight	HighDouzhiZZWeight	JiantiZZDefault	JiantiZZMin	JiantiZZLowSection	JiantiZZHighSection	JiantiZZMax	LowJiantiZZWeight	MidJiantiZZWeight	HighJiantiZZWeight	ZhongxinZZDefault	ZhongxinZZMin	ZhongxinZZLowSection	ZhongxinZZHighSection	ZhongxinZZMax	LowZhongxinZZWeight	MidZhongxinZZWeight	HighZhongxinZZWeight	LingdongZZDefault	LingdongZZMin	LingdongZZLowSection	LingdongZZHighSection	LingdongZZMax	LowLingdongZZWeight	MidLingdongZZWeight	HighLingdongZZWeight	PointRecommendDict	PlanAMainPoint	PlanAAssistPoint	PlanBMainPoint	PlanBAssistPoint
INT	STRING	STRING	STRING	INT	FLOAT	FLOAT	FLOAT	FLOAT	FLOAT	INT	INT	INT	INT	INT	INT	INT	INT	INT	INT	INT	INT	INT	INT	INT	INT	INT	INT	INT	INT	INT	INT	INT	INT	INT	INT	INT	INT	INT	INT	INT	INT	INT	INT	INT	INT	INT	INT	INT	INT
#MAX_ID=1024;MAX_RECORD=1024;TableType=Hash;																																																	
#ID	程序不读	名称	描述	星相类型(1金2火3日4水5星6风7月8灵9天10地11土12木)	默认成长率	最低成长率	成长率较低节点	成长率较高节点	最高成长率	低成长率权重	中成长率权重	高成长率权重	默认斗志资质	最低斗志资质	斗志资质较低节点	斗志资质较高节点	最高斗志资质	低斗志资质权重	中斗志资质权重	高斗志资质权重	默认健体资质	最低健体资质	健体资质较低节点	健体资质较高节点	最高健体资质	低健体资质权重	中健体资质权重	高健体资质权重	默认忠心资质	最低忠心资质	忠心资质较低节点	忠心资质较高节点	最高忠心资质	低忠心资质权重	中忠心资质权重	高忠心资质权重	默认灵动资质	最低灵动资质	灵动资质较低节点	灵动资质较高节点	最高灵动资质	低灵动资质权重	中灵动资质权重	高灵动资质权重	加点推荐字典	极限方案主属性点数	极限方案辅属性点数	均衡方案主属性点数	均衡方案辅属性点数
0	金曜-测试	金曜	金曜	1	0.5	0.5	1	1.5	2	10	5	2	500	500	1000	1500	2000	10	5	2	2000	2000	2833	3666	4500	10	5	2	500	500	1000	1500	2000	10	5	2	500	500	1000	1500	2000	10	5	2	2904	4	1	3	2
1	15级-普通-金曜	金曜	金曜	1	-1	0.97	3.51	3.93	5.2	60	25	15	-1	291	1052	1179	1559	60	25	15	-1	204	736	825	1091	60	25	15	-1	131	474	531	702	60	25	15	-1	131	474	531	702	60	25	15	5386	4	1	3	2
2	15级-普通-火曜	火曜	火曜	2	-1	0.97	3.51	3.93	5.2	60	25	15	-1	291	1052	1179	1559	60	25	15	-1	131	474	531	702	60	25	15	-1	131	474	531	702	60	25	15	-1	204	736	825	1091	60	25	15	5387	4	1	3	2
3	15级-普通-日曜	日曜	日曜	3	-1	0.97	3.51	3.93	5.2	60	25	15	-1	291	1052	1179	1559	60	25	15	-1	131	474	531	702	60	25	15	-1	204	736	825	1091	60	25	15	-1	131	474	531	702	60	25	15	5388	4	1	3	2
4	15级-普通-水曜	水曜	水曜	4	-1	0.97	3.51	3.93	5.2	60	25	15	-1	131	474	531	702	60	25	15	-1	131	474	531	702	60	25	15	-1	204	736	825	1091	60	25	15	-1	291	1052	1179	1559	60	25	15	5389	4	1	3	2
5	15级-普通-星曜	星曜	星曜	5	-1	0.97	3.51	3.93	5.2	60	25	15	-1	204	736	825	1091	60	25	15	-1	131	474	531	702	60	25	15	-1	131	474	531	702	60	25	15	-1	291	1052	1179	1559	60	25	15	5390	4	1	3	2
6	15级-普通-风耀	风耀	风耀	6	-1	0.97	3.51	3.93	5.2	60	25	15	-1	131	474	531	702	60	25	15	-1	204	736	825	1091	60	25	15	-1	131	474	531	702	60	25	15	-1	291	1052	1179	1559	60	25	15	5391	4	1	3	2
7	15级-普通-月曜	月曜	月曜	7	-1	0.97	3.51	3.93	5.2	60	25	15	-1	131	474	531	702	60	25	15	-1	204	736	825	1091	60	25	15	-1	291	1052	1179	1559	60	25	15	-1	131	474	531	702	60	25	15	5392	4	1	3	2
8	15级-普通-灵耀	灵耀	灵耀	8	-1	0.97	3.51	3.93	5.2	60	25	15	-1	131	474	531	702	60	25	15	-1	131	474	531	702	60	25	15	-1	291	1052	1179	1559	60	25	15	-1	204	736	825	1091	60	25	15	5393	4	1	3	2
9	15级-普通-天曜	天曜	天曜	9	-1	0.97	3.51	3.93	5.2	60	25	15	-1	204	736	825	1091	60	25	15	-1	131	474	531	702	60	25	15	-1	291	1052	1179	1559	60	25	15	-1	131	474	531	702	60	25	15	5394	4	1	3	2
10	15级-普通-地曜	地曜	地曜	10	-1	0.97	3.51	3.93	5.2	60	25	15	-1	204	736	825	1091	60	25	15	-1	291	1052	1179	1559	60	25	15	-1	131	474	531	702	60	25	15	-1	131	474	531	702	60	25	15	5395	4	1	3	2
11	15级-普通-土曜	土曜	土曜	11	-1	0.97	3.51	3.93	5.2	60	25	15	-1	131	474	531	702	60	25	15	-1	291	1052	1179	1559	60	25	15	-1	204	736	825	1091	60	25	15	-1	131	474	531	702	60	25	15	5396	4	1	3	2
12	15级-普通-木曜	木曜	木曜	12	-1	0.97	3.51	3.93	5.2	60	25	15	-1	131	474	531	702	60	25	15	-1	291	1052	1179	1559	60	25	15	-1	131	474	531	702	60	25	15	-1	204	736	825	1091	60	25	15	5397	4	1	3	2
13	15级-稀有-金曜	金曜	金曜	1	-1	1.26	3.62	4.02	5.2	60	25	15	-1	378	1087	1205	1559	60	25	15	-1	265	761	843	1091	60	25	15	-1	170	489	542	702	60	25	15	-1	170	489	542	702	60	25	15	5386	4	1	3	2
14	15级-稀有-火曜	火曜	火曜	2	-1	1.26	3.62	4.02	5.2	60	25	15	-1	378	1087	1205	1559	60	25	15	-1	170	489	542	702	60	25	15	-1	170	489	542	702	60	25	15	-1	265	761	843	1091	60	25	15	5387	4	1	3	2
15	15级-稀有-日曜	日曜	日曜	3	-1	1.26	3.62	4.02	5.2	60	25	15	-1	378	1087	1205	1559	60	25	15	-1	170	489	542	702	60	25	15	-1	265	761	843	1091	60	25	15	-1	170	489	542	702	60	25	15	5388	4	1	3	2
16	15级-稀有-水曜	水曜	水曜	4	-1	1.26	3.62	4.02	5.2	60	25	15	-1	170	489	542	702	60	25	15	-1	170	489	542	702	60	25	15	-1	265	761	843	1091	60	25	15	-1	378	1087	1205	1559	60	25	15	5389	4	1	3	2
17	15级-稀有-星曜	星曜	星曜	5	-1	1.26	3.62	4.02	5.2	60	25	15	-1	265	761	843	1091	60	25	15	-1	170	489	542	702	60	25	15	-1	170	489	542	702	60	25	15	-1	378	1087	1205	1559	60	25	15	5390	4	1	3	2
18	15级-稀有-风耀	风耀	风耀	6	-1	1.26	3.62	4.02	5.2	60	25	15	-1	170	489	542	702	60	25	15	-1	265	761	843	1091	60	25	15	-1	170	489	542	702	60	25	15	-1	378	1087	1205	1559	60	25	15	5391	4	1	3	2
19	15级-稀有-月曜	月曜	月曜	7	-1	1.26	3.62	4.02	5.2	60	25	15	-1	170	489	542	702	60	25	15	-1	265	761	843	1091	60	25	15	-1	378	1087	1205	1559	60	25	15	-1	170	489	542	702	60	25	15	5392	4	1	3	2
20	15级-稀有-灵耀	灵耀	灵耀	8	-1	1.26	3.62	4.02	5.2	60	25	15	-1	170	489	542	702	60	25	15	-1	170	489	542	702	60	25	15	-1	378	1087	1205	1559	60	25	15	-1	265	761	843	1091	60	25	15	5393	4	1	3	2
21	15级-稀有-天曜	天曜	天曜	9	-1	1.26	3.62	4.02	5.2	60	25	15	-1	265	761	843	1091	60	25	15	-1	170	489	542	702	60	25	15	-1	378	1087	1205	1559	60	25	15	-1	170	489	542	702	60	25	15	5394	4	1	3	2
22	15级-稀有-地曜	地曜	地曜	10	-1	1.26	3.62	4.02	5.2	60	25	15	-1	265	761	843	1091	60	25	15	-1	378	1087	1205	1559	60	25	15	-1	170	489	542	702	60	25	15	-1	170	489	542	702	60	25	15	5395	4	1	3	2
23	15级-稀有-土曜	土曜	土曜	11	-1	1.26	3.62	4.02	5.2	60	25	15	-1	170	489	542	702	60	25	15	-1	378	1087	1205	1559	60	25	15	-1	265	761	843	1091	60	25	15	-1	170	489	542	702	60	25	15	5396	4	1	3	2
24	15级-稀有-木曜	木曜	木曜	12	-1	1.26	3.62	4.02	5.2	60	25	15	-1	170	489	542	702	60	25	15	-1	378	1087	1205	1559	60	25	15	-1	170	489	542	702	60	25	15	-1	265	761	843	1091	60	25	15	5397	4	1	3	2
31	35级-普通-金曜	金曜	金曜	1	-1	1.11	3.56	3.97	5.2	60	25	15	-1	334	1069	1192	1559	60	25	15	-1	234	748	834	1091	60	25	15	-1	150	481	536	702	60	25	15	-1	150	481	536	702	60	25	15	5386	4	1	3	2
32	35级-普通-火曜	火曜	火曜	2	-1	1.11	3.56	3.97	5.2	60	25	15	-1	334	1069	1192	1559	60	25	15	-1	150	481	536	702	60	25	15	-1	150	481	536	702	60	25	15	-1	234	748	834	1091	60	25	15	5387	4	1	3	2
33	35级-普通-日曜	日曜	日曜	3	-1	1.11	3.56	3.97	5.2	60	25	15	-1	334	1069	1192	1559	60	25	15	-1	150	481	536	702	60	25	15	-1	234	748	834	1091	60	25	15	-1	150	481	536	702	60	25	15	5388	4	1	3	2
34	35级-普通-水曜	水曜	水曜	4	-1	1.11	3.56	3.97	5.2	60	25	15	-1	150	481	536	702	60	25	15	-1	150	481	536	702	60	25	15	-1	234	748	834	1091	60	25	15	-1	334	1069	1192	1559	60	25	15	5389	4	1	3	2
35	35级-普通-星曜	星曜	星曜	5	-1	1.11	3.56	3.97	5.2	60	25	15	-1	234	748	834	1091	60	25	15	-1	150	481	536	702	60	25	15	-1	150	481	536	702	60	25	15	-1	334	1069	1192	1559	60	25	15	5390	4	1	3	2
36	35级-普通-风耀	风耀	风耀	6	-1	1.11	3.56	3.97	5.2	60	25	15	-1	150	481	536	702	60	25	15	-1	234	748	834	1091	60	25	15	-1	150	481	536	702	60	25	15	-1	334	1069	1192	1559	60	25	15	5391	4	1	3	2
37	35级-普通-月曜	月曜	月曜	7	-1	1.11	3.56	3.97	5.2	60	25	15	-1	150	481	536	702	60	25	15	-1	234	748	834	1091	60	25	15	-1	334	1069	1192	1559	60	25	15	-1	150	481	536	702	60	25	15	5392	4	1	3	2
38	35级-普通-灵耀	灵耀	灵耀	8	-1	1.11	3.56	3.97	5.2	60	25	15	-1	150	481	536	702	60	25	15	-1	150	481	536	702	60	25	15	-1	334	1069	1192	1559	60	25	15	-1	234	748	834	1091	60	25	15	5393	4	1	3	2
39	35级-普通-天曜	天曜	天曜	9	-1	1.11	3.56	3.97	5.2	60	25	15	-1	234	748	834	1091	60	25	15	-1	150	481	536	702	60	25	15	-1	334	1069	1192	1559	60	25	15	-1	150	481	536	702	60	25	15	5394	4	1	3	2
40	35级-普通-地曜	地曜	地曜	10	-1	1.11	3.56	3.97	5.2	60	25	15	-1	234	748	834	1091	60	25	15	-1	334	1069	1192	1559	60	25	15	-1	150	481	536	702	60	25	15	-1	150	481	536	702	60	25	15	5395	4	1	3	2
41	35级-普通-土曜	土曜	土曜	11	-1	1.11	3.56	3.97	5.2	60	25	15	-1	150	481	536	702	60	25	15	-1	334	1069	1192	1559	60	25	15	-1	234	748	834	1091	60	25	15	-1	150	481	536	702	60	25	15	5396	4	1	3	2
42	35级-普通-木曜	木曜	木曜	12	-1	1.11	3.56	3.97	5.2	60	25	15	-1	150	481	536	702	60	25	15	-1	334	1069	1192	1559	60	25	15	-1	150	481	536	702	60	25	15	-1	234	748	834	1091	60	25	15	5397	4	1	3	2
43	35级-稀有-金曜	金曜	金曜	1	-1	1.45	3.7	4.08	5.2	60	25	15	-1	435	1109	1222	1559	60	25	15	-1	304	776	855	1091	60	25	15	-1	196	500	550	702	60	25	15	-1	196	500	550	702	60	25	15	5386	4	1	3	2
44	35级-稀有-火曜	火曜	火曜	2	-1	1.45	3.7	4.08	5.2	60	25	15	-1	435	1109	1222	1559	60	25	15	-1	196	500	550	702	60	25	15	-1	196	500	550	702	60	25	15	-1	304	776	855	1091	60	25	15	5387	4	1	3	2
45	35级-稀有-日曜	日曜	日曜	3	-1	1.45	3.7	4.08	5.2	60	25	15	-1	435	1109	1222	1559	60	25	15	-1	196	500	550	702	60	25	15	-1	304	776	855	1091	60	25	15	-1	196	500	550	702	60	25	15	5388	4	1	3	2
46	35级-稀有-水曜	水曜	水曜	4	-1	1.45	3.7	4.08	5.2	60	25	15	-1	196	500	550	702	60	25	15	-1	196	500	550	702	60	25	15	-1	304	776	855	1091	60	25	15	-1	435	1109	1222	1559	60	25	15	5389	4	1	3	2
47	35级-稀有-星曜	星曜	星曜	5	-1	1.45	3.7	4.08	5.2	60	25	15	-1	304	776	855	1091	60	25	15	-1	196	500	550	702	60	25	15	-1	196	500	550	702	60	25	15	-1	435	1109	1222	1559	60	25	15	5390	4	1	3	2
48	35级-稀有-风耀	风耀	风耀	6	-1	1.45	3.7	4.08	5.2	60	25	15	-1	196	500	550	702	60	25	15	-1	304	776	855	1091	60	25	15	-1	196	500	550	702	60	25	15	-1	435	1109	1222	1559	60	25	15	5391	4	1	3	2
49	35级-稀有-月曜	月曜	月曜	7	-1	1.45	3.7	4.08	5.2	60	25	15	-1	196	500	550	702	60	25	15	-1	304	776	855	1091	60	25	15	-1	435	1109	1222	1559	60	25	15	-1	196	500	550	702	60	25	15	5392	4	1	3	2
50	35级-稀有-灵耀	灵耀	灵耀	8	-1	1.45	3.7	4.08	5.2	60	25	15	-1	196	500	550	702	60	25	15	-1	196	500	550	702	60	25	15	-1	435	1109	1222	1559	60	25	15	-1	304	776	855	1091	60	25	15	5393	4	1	3	2
51	35级-稀有-天曜	天曜	天曜	9	-1	1.45	3.7	4.08	5.2	60	25	15	-1	304	776	855	1091	60	25	15	-1	196	500	550	702	60	25	15	-1	435	1109	1222	1559	60	25	15	-1	196	500	550	702	60	25	15	5394	4	1	3	2
52	35级-稀有-地曜	地曜	地曜	10	-1	1.45	3.7	4.08	5.2	60	25	15	-1	304	776	855	1091	60	25	15	-1	435	1109	1222	1559	60	25	15	-1	196	500	550	702	60	25	15	-1	196	500	550	702	60	25	15	5395	4	1	3	2
53	35级-稀有-土曜	土曜	土曜	11	-1	1.45	3.7	4.08	5.2	60	25	15	-1	196	500	550	702	60	25	15	-1	435	1109	1222	1559	60	25	15	-1	304	776	855	1091	60	25	15	-1	196	500	550	702	60	25	15	5396	4	1	3	2
54	35级-稀有-木曜	木曜	木曜	12	-1	1.45	3.7	4.08	5.2	60	25	15	-1	196	500	550	702	60	25	15	-1	435	1109	1222	1559	60	25	15	-1	196	500	550	702	60	25	15	-1	304	776	855	1091	60	25	15	5397	4	1	3	2
61	50级-普通-金曜	金曜	金曜	1	-1	1.11	4.03	4.52	5.98	60	25	15	-1	334	1210	1356	1794	60	25	15	-1	234	847	949	1256	60	25	15	-1	150	544	610	807	60	25	15	-1	150	544	610	807	60	25	15	5386	4	1	3	2
62	50级-普通-火曜	火曜	火曜	2	-1	1.11	4.03	4.52	5.98	60	25	15	-1	334	1210	1356	1794	60	25	15	-1	150	544	610	807	60	25	15	-1	150	544	610	807	60	25	15	-1	234	847	949	1256	60	25	15	5387	4	1	3	2
63	50级-普通-日曜	日曜	日曜	3	-1	1.11	4.03	4.52	5.98	60	25	15	-1	334	1210	1356	1794	60	25	15	-1	150	544	610	807	60	25	15	-1	234	847	949	1256	60	25	15	-1	150	544	610	807	60	25	15	5388	4	1	3	2
64	50级-普通-水曜	水曜	水曜	4	-1	1.11	4.03	4.52	5.98	60	25	15	-1	150	544	610	807	60	25	15	-1	150	544	610	807	60	25	15	-1	234	847	949	1256	60	25	15	-1	334	1210	1356	1794	60	25	15	5389	4	1	3	2
65	50级-普通-星曜	星曜	星曜	5	-1	1.11	4.03	4.52	5.98	60	25	15	-1	234	847	949	1256	60	25	15	-1	150	544	610	807	60	25	15	-1	150	544	610	807	60	25	15	-1	334	1210	1356	1794	60	25	15	5390	4	1	3	2
66	50级-普通-风耀	风耀	风耀	6	-1	1.11	4.03	4.52	5.98	60	25	15	-1	150	544	610	807	60	25	15	-1	234	847	949	1256	60	25	15	-1	150	544	610	807	60	25	15	-1	334	1210	1356	1794	60	25	15	5391	4	1	3	2
67	50级-普通-月曜	月曜	月曜	7	-1	1.11	4.03	4.52	5.98	60	25	15	-1	150	544	610	807	60	25	15	-1	234	847	949	1256	60	25	15	-1	334	1210	1356	1794	60	25	15	-1	150	544	610	807	60	25	15	5392	4	1	3	2
68	50级-普通-灵耀	灵耀	灵耀	8	-1	1.11	4.03	4.52	5.98	60	25	15	-1	150	544	610	807	60	25	15	-1	150	544	610	807	60	25	15	-1	334	1210	1356	1794	60	25	15	-1	234	847	949	1256	60	25	15	5393	4	1	3	2
69	50级-普通-天曜	天曜	天曜	9	-1	1.11	4.03	4.52	5.98	60	25	15	-1	234	847	949	1256	60	25	15	-1	150	544	610	807	60	25	15	-1	334	1210	1356	1794	60	25	15	-1	150	544	610	807	60	25	15	5394	4	1	3	2
70	50级-普通-地曜	地曜	地曜	10	-1	1.11	4.03	4.52	5.98	60	25	15	-1	234	847	949	1256	60	25	15	-1	334	1210	1356	1794	60	25	15	-1	150	544	610	807	60	25	15	-1	150	544	610	807	60	25	15	5395	4	1	3	2
71	50级-普通-土曜	土曜	土曜	11	-1	1.11	4.03	4.52	5.98	60	25	15	-1	150	544	610	807	60	25	15	-1	334	1210	1356	1794	60	25	15	-1	234	847	949	1256	60	25	15	-1	150	544	610	807	60	25	15	5396	4	1	3	2
72	50级-普通-木曜	木曜	木曜	12	-1	1.11	4.03	4.52	5.98	60	25	15	-1	150	544	610	807	60	25	15	-1	334	1210	1356	1794	60	25	15	-1	150	544	610	807	60	25	15	-1	234	847	949	1256	60	25	15	5397	4	1	3	2
73	50级-稀有-金曜	金曜	金曜	1	-1	1.45	4.17	4.62	5.98	60	25	15	-1	435	1250	1386	1794	60	25	15	-1	304	875	970	1256	60	25	15	-1	196	563	624	807	60	25	15	-1	196	563	624	807	60	25	15	5386	4	1	3	2
74	50级-稀有-火曜	火曜	火曜	2	-1	1.45	4.17	4.62	5.98	60	25	15	-1	435	1250	1386	1794	60	25	15	-1	196	563	624	807	60	25	15	-1	196	563	624	807	60	25	15	-1	304	875	970	1256	60	25	15	5387	4	1	3	2
75	50级-稀有-日曜	日曜	日曜	3	-1	1.45	4.17	4.62	5.98	60	25	15	-1	435	1250	1386	1794	60	25	15	-1	196	563	624	807	60	25	15	-1	304	875	970	1256	60	25	15	-1	196	563	624	807	60	25	15	5388	4	1	3	2
76	50级-稀有-水曜	水曜	水曜	4	-1	1.45	4.17	4.62	5.98	60	25	15	-1	196	563	624	807	60	25	15	-1	196	563	624	807	60	25	15	-1	304	875	970	1256	60	25	15	-1	435	1250	1386	1794	60	25	15	5389	4	1	3	2
77	50级-稀有-星曜	星曜	星曜	5	-1	1.45	4.17	4.62	5.98	60	25	15	-1	304	875	970	1256	60	25	15	-1	196	563	624	807	60	25	15	-1	196	563	624	807	60	25	15	-1	435	1250	1386	1794	60	25	15	5390	4	1	3	2
78	50级-稀有-风耀	风耀	风耀	6	-1	1.45	4.17	4.62	5.98	60	25	15	-1	196	563	624	807	60	25	15	-1	304	875	970	1256	60	25	15	-1	196	563	624	807	60	25	15	-1	435	1250	1386	1794	60	25	15	5391	4	1	3	2
79	50级-稀有-月曜	月曜	月曜	7	-1	1.45	4.17	4.62	5.98	60	25	15	-1	196	563	624	807	60	25	15	-1	304	875	970	1256	60	25	15	-1	435	1250	1386	1794	60	25	15	-1	196	563	624	807	60	25	15	5392	4	1	3	2
80	50级-稀有-灵耀	灵耀	灵耀	8	-1	1.45	4.17	4.62	5.98	60	25	15	-1	196	563	624	807	60	25	15	-1	196	563	624	807	60	25	15	-1	435	1250	1386	1794	60	25	15	-1	304	875	970	1256	60	25	15	5393	4	1	3	2
81	50级-稀有-天曜	天曜	天曜	9	-1	1.45	4.17	4.62	5.98	60	25	15	-1	304	875	970	1256	60	25	15	-1	196	563	624	807	60	25	15	-1	435	1250	1386	1794	60	25	15	-1	196	563	624	807	60	25	15	5394	4	1	3	2
82	50级-稀有-地曜	地曜	地曜	10	-1	1.45	4.17	4.62	5.98	60	25	15	-1	304	875	970	1256	60	25	15	-1	435	1250	1386	1794	60	25	15	-1	196	563	624	807	60	25	15	-1	196	563	624	807	60	25	15	5395	4	1	3	2
83	50级-稀有-土曜	土曜	土曜	11	-1	1.45	4.17	4.62	5.98	60	25	15	-1	196	563	624	807	60	25	15	-1	435	1250	1386	1794	60	25	15	-1	304	875	970	1256	60	25	15	-1	196	563	624	807	60	25	15	5396	4	1	3	2
84	50级-稀有-木曜	木曜	木曜	12	-1	1.45	4.17	4.62	5.98	60	25	15	-1	196	563	624	807	60	25	15	-1	435	1250	1386	1794	60	25	15	-1	196	563	624	807	60	25	15	-1	304	875	970	1256	60	25	15	5397	4	1	3	2
91	60级-普通-金曜	金曜	金曜	1	-1	1.28	4.1	4.57	5.98	60	25	15	-1	385	1230	1371	1794	60	25	15	-1	269	861	960	1256	60	25	15	-1	173	553	617	807	60	25	15	-1	173	553	617	807	60	25	15	5386	4	1	3	2
92	60级-普通-火曜	火曜	火曜	2	-1	1.28	4.1	4.57	5.98	60	25	15	-1	385	1230	1371	1794	60	25	15	-1	173	553	617	807	60	25	15	-1	173	553	617	807	60	25	15	-1	269	861	960	1256	60	25	15	5387	4	1	3	2
93	60级-普通-日曜	日曜	日曜	3	-1	1.28	4.1	4.57	5.98	60	25	15	-1	385	1230	1371	1794	60	25	15	-1	173	553	617	807	60	25	15	-1	269	861	960	1256	60	25	15	-1	173	553	617	807	60	25	15	5388	4	1	3	2
94	60级-普通-水曜	水曜	水曜	4	-1	1.28	4.1	4.57	5.98	60	25	15	-1	173	553	617	807	60	25	15	-1	173	553	617	807	60	25	15	-1	269	861	960	1256	60	25	15	-1	385	1230	1371	1794	60	25	15	5389	4	1	3	2
95	60级-普通-星曜	星曜	星曜	5	-1	1.28	4.1	4.57	5.98	60	25	15	-1	269	861	960	1256	60	25	15	-1	173	553	617	807	60	25	15	-1	173	553	617	807	60	25	15	-1	385	1230	1371	1794	60	25	15	5390	4	1	3	2
96	60级-普通-风耀	风耀	风耀	6	-1	1.28	4.1	4.57	5.98	60	25	15	-1	173	553	617	807	60	25	15	-1	269	861	960	1256	60	25	15	-1	173	553	617	807	60	25	15	-1	385	1230	1371	1794	60	25	15	5391	4	1	3	2
97	60级-普通-月曜	月曜	月曜	7	-1	1.28	4.1	4.57	5.98	60	25	15	-1	173	553	617	807	60	25	15	-1	269	861	960	1256	60	25	15	-1	385	1230	1371	1794	60	25	15	-1	173	553	617	807	60	25	15	5392	4	1	3	2
98	60级-普通-灵耀	灵耀	灵耀	8	-1	1.28	4.1	4.57	5.98	60	25	15	-1	173	553	617	807	60	25	15	-1	173	553	617	807	60	25	15	-1	385	1230	1371	1794	60	25	15	-1	269	861	960	1256	60	25	15	5393	4	1	3	2
99	60级-普通-天曜	天曜	天曜	9	-1	1.28	4.1	4.57	5.98	60	25	15	-1	269	861	960	1256	60	25	15	-1	173	553	617	807	60	25	15	-1	385	1230	1371	1794	60	25	15	-1	173	553	617	807	60	25	15	5394	4	1	3	2
100	60级-普通-地曜	地曜	地曜	10	-1	1.28	4.1	4.57	5.98	60	25	15	-1	269	861	960	1256	60	25	15	-1	385	1230	1371	1794	60	25	15	-1	173	553	617	807	60	25	15	-1	173	553	617	807	60	25	15	5395	4	1	3	2
101	60级-普通-土曜	土曜	土曜	11	-1	1.28	4.1	4.57	5.98	60	25	15	-1	173	553	617	807	60	25	15	-1	385	1230	1371	1794	60	25	15	-1	269	861	960	1256	60	25	15	-1	173	553	617	807	60	25	15	5396	4	1	3	2
102	60级-普通-木曜	木曜	木曜	12	-1	1.28	4.1	4.57	5.98	60	25	15	-1	173	553	617	807	60	25	15	-1	385	1230	1371	1794	60	25	15	-1	173	553	617	807	60	25	15	-1	269	861	960	1256	60	25	15	5397	4	1	3	2
103	60级-稀有-金曜	金曜	金曜	1	-1	1.66	4.25	4.68	5.98	60	25	15	-1	500	1276	1406	1794	60	25	15	-1	350	894	984	1256	60	25	15	-1	225	574	632	807	60	25	15	-1	225	574	632	807	60	25	15	5386	4	1	3	2
104	60级-稀有-火曜	火曜	火曜	2	-1	1.66	4.25	4.68	5.98	60	25	15	-1	500	1276	1406	1794	60	25	15	-1	225	574	632	807	60	25	15	-1	225	574	632	807	60	25	15	-1	350	894	984	1256	60	25	15	5387	4	1	3	2
105	60级-稀有-日曜	日曜	日曜	3	-1	1.66	4.25	4.68	5.98	60	25	15	-1	500	1276	1406	1794	60	25	15	-1	225	574	632	807	60	25	15	-1	350	894	984	1256	60	25	15	-1	225	574	632	807	60	25	15	5388	4	1	3	2
106	60级-稀有-水曜	水曜	水曜	4	-1	1.66	4.25	4.68	5.98	60	25	15	-1	225	574	632	807	60	25	15	-1	225	574	632	807	60	25	15	-1	350	894	984	1256	60	25	15	-1	500	1276	1406	1794	60	25	15	5389	4	1	3	2
107	60级-稀有-星曜	星曜	星曜	5	-1	1.66	4.25	4.68	5.98	60	25	15	-1	350	894	984	1256	60	25	15	-1	225	574	632	807	60	25	15	-1	225	574	632	807	60	25	15	-1	500	1276	1406	1794	60	25	15	5390	4	1	3	2
108	60级-稀有-风耀	风耀	风耀	6	-1	1.66	4.25	4.68	5.98	60	25	15	-1	225	574	632	807	60	25	15	-1	350	894	984	1256	60	25	15	-1	225	574	632	807	60	25	15	-1	500	1276	1406	1794	60	25	15	5391	4	1	3	2
109	60级-稀有-月曜	月曜	月曜	7	-1	1.66	4.25	4.68	5.98	60	25	15	-1	225	574	632	807	60	25	15	-1	350	894	984	1256	60	25	15	-1	500	1276	1406	1794	60	25	15	-1	225	574	632	807	60	25	15	5392	4	1	3	2
110	60级-稀有-灵耀	灵耀	灵耀	8	-1	1.66	4.25	4.68	5.98	60	25	15	-1	225	574	632	807	60	25	15	-1	225	574	632	807	60	25	15	-1	500	1276	1406	1794	60	25	15	-1	350	894	984	1256	60	25	15	5393	4	1	3	2
111	60级-稀有-天曜	天曜	天曜	9	-1	1.66	4.25	4.68	5.98	60	25	15	-1	350	894	984	1256	60	25	15	-1	225	574	632	807	60	25	15	-1	500	1276	1406	1794	60	25	15	-1	225	574	632	807	60	25	15	5394	4	1	3	2
112	60级-稀有-地曜	地曜	地曜	10	-1	1.66	4.25	4.68	5.98	60	25	15	-1	350	894	984	1256	60	25	15	-1	500	1276	1406	1794	60	25	15	-1	225	574	632	807	60	25	15	-1	225	574	632	807	60	25	15	5395	4	1	3	2
113	60级-稀有-土曜	土曜	土曜	11	-1	1.66	4.25	4.68	5.98	60	25	15	-1	225	574	632	807	60	25	15	-1	500	1276	1406	1794	60	25	15	-1	350	894	984	1256	60	25	15	-1	225	574	632	807	60	25	15	5396	4	1	3	2
114	60级-稀有-木曜	木曜	木曜	12	-1	1.66	4.25	4.68	5.98	60	25	15	-1	225	574	632	807	60	25	15	-1	500	1276	1406	1794	60	25	15	-1	225	574	632	807	60	25	15	-1	350	894	984	1256	60	25	15	5397	4	1	3	2
121	70级-普通-金曜	金曜	金曜	1	-1	1.48	4.71	5.25	6.87	60	25	15	-1	443	1414	1576	2062	60	25	15	-1	310	990	1103	1443	60	25	15	-1	199	636	709	928	60	25	15	-1	199	636	709	928	60	25	15	5386	4	1	3	2
122	70级-普通-火曜	火曜	火曜	2	-1	1.48	4.71	5.25	6.87	60	25	15	-1	443	1414	1576	2062	60	25	15	-1	199	636	709	928	60	25	15	-1	199	636	709	928	60	25	15	-1	310	990	1103	1443	60	25	15	5387	4	1	3	2
123	70级-普通-日曜	日曜	日曜	3	-1	1.48	4.71	5.25	6.87	60	25	15	-1	443	1414	1576	2062	60	25	15	-1	199	636	709	928	60	25	15	-1	310	990	1103	1443	60	25	15	-1	199	636	709	928	60	25	15	5388	4	1	3	2
124	70级-普通-水曜	水曜	水曜	4	-1	1.48	4.71	5.25	6.87	60	25	15	-1	199	636	709	928	60	25	15	-1	199	636	709	928	60	25	15	-1	310	990	1103	1443	60	25	15	-1	443	1414	1576	2062	60	25	15	5389	4	1	3	2
125	70级-普通-星曜	星曜	星曜	5	-1	1.48	4.71	5.25	6.87	60	25	15	-1	310	990	1103	1443	60	25	15	-1	199	636	709	928	60	25	15	-1	199	636	709	928	60	25	15	-1	443	1414	1576	2062	60	25	15	5390	4	1	3	2
126	70级-普通-风耀	风耀	风耀	6	-1	1.48	4.71	5.25	6.87	60	25	15	-1	199	636	709	928	60	25	15	-1	310	990	1103	1443	60	25	15	-1	199	636	709	928	60	25	15	-1	443	1414	1576	2062	60	25	15	5391	4	1	3	2
127	70级-普通-月曜	月曜	月曜	7	-1	1.48	4.71	5.25	6.87	60	25	15	-1	199	636	709	928	60	25	15	-1	310	990	1103	1443	60	25	15	-1	443	1414	1576	2062	60	25	15	-1	199	636	709	928	60	25	15	5392	4	1	3	2
128	70级-普通-灵耀	灵耀	灵耀	8	-1	1.48	4.71	5.25	6.87	60	25	15	-1	199	636	709	928	60	25	15	-1	199	636	709	928	60	25	15	-1	443	1414	1576	2062	60	25	15	-1	310	990	1103	1443	60	25	15	5393	4	1	3	2
129	70级-普通-天曜	天曜	天曜	9	-1	1.48	4.71	5.25	6.87	60	25	15	-1	310	990	1103	1443	60	25	15	-1	199	636	709	928	60	25	15	-1	443	1414	1576	2062	60	25	15	-1	199	636	709	928	60	25	15	5394	4	1	3	2
130	70级-普通-地曜	地曜	地曜	10	-1	1.48	4.71	5.25	6.87	60	25	15	-1	310	990	1103	1443	60	25	15	-1	443	1414	1576	2062	60	25	15	-1	199	636	709	928	60	25	15	-1	199	636	709	928	60	25	15	5395	4	1	3	2
131	70级-普通-土曜	土曜	土曜	11	-1	1.48	4.71	5.25	6.87	60	25	15	-1	199	636	709	928	60	25	15	-1	443	1414	1576	2062	60	25	15	-1	310	990	1103	1443	60	25	15	-1	199	636	709	928	60	25	15	5396	4	1	3	2
132	70级-普通-木曜	木曜	木曜	12	-1	1.48	4.71	5.25	6.87	60	25	15	-1	199	636	709	928	60	25	15	-1	443	1414	1576	2062	60	25	15	-1	199	636	709	928	60	25	15	-1	310	990	1103	1443	60	25	15	5397	4	1	3	2
133	70级-稀有-金曜	金曜	金曜	1	-1	1.92	4.89	5.39	6.87	60	25	15	-1	575	1467	1616	2062	60	25	15	-1	403	1027	1131	1443	60	25	15	-1	259	660	727	928	60	25	15	-1	259	660	727	928	60	25	15	5386	4	1	3	2
134	70级-稀有-火曜	火曜	火曜	2	-1	1.92	4.89	5.39	6.87	60	25	15	-1	575	1467	1616	2062	60	25	15	-1	259	660	727	928	60	25	15	-1	259	660	727	928	60	25	15	-1	403	1027	1131	1443	60	25	15	5387	4	1	3	2
135	70级-稀有-日曜	日曜	日曜	3	-1	1.92	4.89	5.39	6.87	60	25	15	-1	575	1467	1616	2062	60	25	15	-1	259	660	727	928	60	25	15	-1	403	1027	1131	1443	60	25	15	-1	259	660	727	928	60	25	15	5388	4	1	3	2
136	70级-稀有-水曜	水曜	水曜	4	-1	1.92	4.89	5.39	6.87	60	25	15	-1	259	660	727	928	60	25	15	-1	259	660	727	928	60	25	15	-1	403	1027	1131	1443	60	25	15	-1	575	1467	1616	2062	60	25	15	5389	4	1	3	2
137	70级-稀有-星曜	星曜	星曜	5	-1	1.92	4.89	5.39	6.87	60	25	15	-1	403	1027	1131	1443	60	25	15	-1	259	660	727	928	60	25	15	-1	259	660	727	928	60	25	15	-1	575	1467	1616	2062	60	25	15	5390	4	1	3	2
138	70级-稀有-风耀	风耀	风耀	6	-1	1.92	4.89	5.39	6.87	60	25	15	-1	259	660	727	928	60	25	15	-1	403	1027	1131	1443	60	25	15	-1	259	660	727	928	60	25	15	-1	575	1467	1616	2062	60	25	15	5391	4	1	3	2
139	70级-稀有-月曜	月曜	月曜	7	-1	1.92	4.89	5.39	6.87	60	25	15	-1	259	660	727	928	60	25	15	-1	403	1027	1131	1443	60	25	15	-1	575	1467	1616	2062	60	25	15	-1	259	660	727	928	60	25	15	5392	4	1	3	2
140	70级-稀有-灵耀	灵耀	灵耀	8	-1	1.92	4.89	5.39	6.87	60	25	15	-1	259	660	727	928	60	25	15	-1	259	660	727	928	60	25	15	-1	575	1467	1616	2062	60	25	15	-1	403	1027	1131	1443	60	25	15	5393	4	1	3	2
141	70级-稀有-天曜	天曜	天曜	9	-1	1.92	4.89	5.39	6.87	60	25	15	-1	403	1027	1131	1443	60	25	15	-1	259	660	727	928	60	25	15	-1	575	1467	1616	2062	60	25	15	-1	259	660	727	928	60	25	15	5394	4	1	3	2
142	70级-稀有-地曜	地曜	地曜	10	-1	1.92	4.89	5.39	6.87	60	25	15	-1	403	1027	1131	1443	60	25	15	-1	575	1467	1616	2062	60	25	15	-1	259	660	727	928	60	25	15	-1	259	660	727	928	60	25	15	5395	4	1	3	2
143	70级-稀有-土曜	土曜	土曜	11	-1	1.92	4.89	5.39	6.87	60	25	15	-1	259	660	727	928	60	25	15	-1	575	1467	1616	2062	60	25	15	-1	403	1027	1131	1443	60	25	15	-1	259	660	727	928	60	25	15	5396	4	1	3	2
144	70级-稀有-木曜	木曜	木曜	12	-1	1.92	4.89	5.39	6.87	60	25	15	-1	259	660	727	928	60	25	15	-1	575	1467	1616	2062	60	25	15	-1	259	660	727	928	60	25	15	-1	403	1027	1131	1443	60	25	15	5397	4	1	3	2
151	80级-普通-金曜	金曜	金曜	1	-1	1.7	5.43	6.05	7.91	60	25	15	-1	509	1627	1813	2372	60	25	15	-1	356	1138	1269	1660	60	25	15	-1	229	732	816	1067	60	25	15	-1	229	732	816	1067	60	25	15	5386	4	1	3	2
152	80级-普通-火曜	火曜	火曜	2	-1	1.7	5.43	6.05	7.91	60	25	15	-1	509	1627	1813	2372	60	25	15	-1	229	732	816	1067	60	25	15	-1	229	732	816	1067	60	25	15	-1	356	1138	1269	1660	60	25	15	5387	4	1	3	2
153	80级-普通-日曜	日曜	日曜	3	-1	1.7	5.43	6.05	7.91	60	25	15	-1	509	1627	1813	2372	60	25	15	-1	229	732	816	1067	60	25	15	-1	356	1138	1269	1660	60	25	15	-1	229	732	816	1067	60	25	15	5388	4	1	3	2
154	80级-普通-水曜	水曜	水曜	4	-1	1.7	5.43	6.05	7.91	60	25	15	-1	229	732	816	1067	60	25	15	-1	229	732	816	1067	60	25	15	-1	356	1138	1269	1660	60	25	15	-1	509	1627	1813	2372	60	25	15	5389	4	1	3	2
155	80级-普通-星曜	星曜	星曜	5	-1	1.7	5.43	6.05	7.91	60	25	15	-1	356	1138	1269	1660	60	25	15	-1	229	732	816	1067	60	25	15	-1	229	732	816	1067	60	25	15	-1	509	1627	1813	2372	60	25	15	5390	4	1	3	2
156	80级-普通-风耀	风耀	风耀	6	-1	1.7	5.43	6.05	7.91	60	25	15	-1	229	732	816	1067	60	25	15	-1	356	1138	1269	1660	60	25	15	-1	229	732	816	1067	60	25	15	-1	509	1627	1813	2372	60	25	15	5391	4	1	3	2
157	80级-普通-月曜	月曜	月曜	7	-1	1.7	5.43	6.05	7.91	60	25	15	-1	229	732	816	1067	60	25	15	-1	356	1138	1269	1660	60	25	15	-1	509	1627	1813	2372	60	25	15	-1	229	732	816	1067	60	25	15	5392	4	1	3	2
158	80级-普通-灵耀	灵耀	灵耀	8	-1	1.7	5.43	6.05	7.91	60	25	15	-1	229	732	816	1067	60	25	15	-1	229	732	816	1067	60	25	15	-1	509	1627	1813	2372	60	25	15	-1	356	1138	1269	1660	60	25	15	5393	4	1	3	2
159	80级-普通-天曜	天曜	天曜	9	-1	1.7	5.43	6.05	7.91	60	25	15	-1	356	1138	1269	1660	60	25	15	-1	229	732	816	1067	60	25	15	-1	509	1627	1813	2372	60	25	15	-1	229	732	816	1067	60	25	15	5394	4	1	3	2
160	80级-普通-地曜	地曜	地曜	10	-1	1.7	5.43	6.05	7.91	60	25	15	-1	356	1138	1269	1660	60	25	15	-1	509	1627	1813	2372	60	25	15	-1	229	732	816	1067	60	25	15	-1	229	732	816	1067	60	25	15	5395	4	1	3	2
161	80级-普通-土曜	土曜	土曜	11	-1	1.7	5.43	6.05	7.91	60	25	15	-1	229	732	816	1067	60	25	15	-1	509	1627	1813	2372	60	25	15	-1	356	1138	1269	1660	60	25	15	-1	229	732	816	1067	60	25	15	5396	4	1	3	2
162	80级-普通-木曜	木曜	木曜	12	-1	1.7	5.43	6.05	7.91	60	25	15	-1	229	732	816	1067	60	25	15	-1	509	1627	1813	2372	60	25	15	-1	229	732	816	1067	60	25	15	-1	356	1138	1269	1660	60	25	15	5397	4	1	3	2
163	80级-稀有-金曜	金曜	金曜	1	-1	2.21	5.63	6.2	7.91	60	25	15	-1	662	1688	1859	2372	60	25	15	-1	463	1181	1301	1660	60	25	15	-1	298	759	836	1067	60	25	15	-1	298	759	836	1067	60	25	15	5386	4	1	3	2
164	80级-稀有-火曜	火曜	火曜	2	-1	2.21	5.63	6.2	7.91	60	25	15	-1	662	1688	1859	2372	60	25	15	-1	298	759	836	1067	60	25	15	-1	298	759	836	1067	60	25	15	-1	463	1181	1301	1660	60	25	15	5387	4	1	3	2
165	80级-稀有-日曜	日曜	日曜	3	-1	2.21	5.63	6.2	7.91	60	25	15	-1	662	1688	1859	2372	60	25	15	-1	298	759	836	1067	60	25	15	-1	463	1181	1301	1660	60	25	15	-1	298	759	836	1067	60	25	15	5388	4	1	3	2
166	80级-稀有-水曜	水曜	水曜	4	-1	2.21	5.63	6.2	7.91	60	25	15	-1	298	759	836	1067	60	25	15	-1	298	759	836	1067	60	25	15	-1	463	1181	1301	1660	60	25	15	-1	662	1688	1859	2372	60	25	15	5389	4	1	3	2
167	80级-稀有-星曜	星曜	星曜	5	-1	2.21	5.63	6.2	7.91	60	25	15	-1	463	1181	1301	1660	60	25	15	-1	298	759	836	1067	60	25	15	-1	298	759	836	1067	60	25	15	-1	662	1688	1859	2372	60	25	15	5390	4	1	3	2
168	80级-稀有-风耀	风耀	风耀	6	-1	2.21	5.63	6.2	7.91	60	25	15	-1	298	759	836	1067	60	25	15	-1	463	1181	1301	1660	60	25	15	-1	298	759	836	1067	60	25	15	-1	662	1688	1859	2372	60	25	15	5391	4	1	3	2
169	80级-稀有-月曜	月曜	月曜	7	-1	2.21	5.63	6.2	7.91	60	25	15	-1	298	759	836	1067	60	25	15	-1	463	1181	1301	1660	60	25	15	-1	662	1688	1859	2372	60	25	15	-1	298	759	836	1067	60	25	15	5392	4	1	3	2
170	80级-稀有-灵耀	灵耀	灵耀	8	-1	2.21	5.63	6.2	7.91	60	25	15	-1	298	759	836	1067	60	25	15	-1	298	759	836	1067	60	25	15	-1	662	1688	1859	2372	60	25	15	-1	463	1181	1301	1660	60	25	15	5393	4	1	3	2
171	80级-稀有-天曜	天曜	天曜	9	-1	2.21	5.63	6.2	7.91	60	25	15	-1	463	1181	1301	1660	60	25	15	-1	298	759	836	1067	60	25	15	-1	662	1688	1859	2372	60	25	15	-1	298	759	836	1067	60	25	15	5394	4	1	3	2
172	80级-稀有-地曜	地曜	地曜	10	-1	2.21	5.63	6.2	7.91	60	25	15	-1	463	1181	1301	1660	60	25	15	-1	662	1688	1859	2372	60	25	15	-1	298	759	836	1067	60	25	15	-1	298	759	836	1067	60	25	15	5395	4	1	3	2
173	80级-稀有-土曜	土曜	土曜	11	-1	2.21	5.63	6.2	7.91	60	25	15	-1	298	759	836	1067	60	25	15	-1	662	1688	1859	2372	60	25	15	-1	463	1181	1301	1660	60	25	15	-1	298	759	836	1067	60	25	15	5396	4	1	3	2
174	80级-稀有-木曜	木曜	木曜	12	-1	2.21	5.63	6.2	7.91	60	25	15	-1	298	759	836	1067	60	25	15	-1	662	1688	1859	2372	60	25	15	-1	298	759	836	1067	60	25	15	-1	463	1181	1301	1660	60	25	15	5397	4	1	3	2
181	90级-普通-金曜	金曜	金曜	1	-1	1.95	6.23	6.95	9.09	60	25	15	-1	585	1870	2084	2727	60	25	15	-1	410	1309	1459	1909	60	25	15	-1	263	841	938	1227	60	25	15	-1	263	841	938	1227	60	25	15	5386	4	1	3	2
182	90级-普通-火曜	火曜	火曜	2	-1	1.95	6.23	6.95	9.09	60	25	15	-1	585	1870	2084	2727	60	25	15	-1	263	841	938	1227	60	25	15	-1	263	841	938	1227	60	25	15	-1	410	1309	1459	1909	60	25	15	5387	4	1	3	2
183	90级-普通-日曜	日曜	日曜	3	-1	1.95	6.23	6.95	9.09	60	25	15	-1	585	1870	2084	2727	60	25	15	-1	263	841	938	1227	60	25	15	-1	410	1309	1459	1909	60	25	15	-1	263	841	938	1227	60	25	15	5388	4	1	3	2
184	90级-普通-水曜	水曜	水曜	4	-1	1.95	6.23	6.95	9.09	60	25	15	-1	263	841	938	1227	60	25	15	-1	263	841	938	1227	60	25	15	-1	410	1309	1459	1909	60	25	15	-1	585	1870	2084	2727	60	25	15	5389	4	1	3	2
185	90级-普通-星曜	星曜	星曜	5	-1	1.95	6.23	6.95	9.09	60	25	15	-1	410	1309	1459	1909	60	25	15	-1	263	841	938	1227	60	25	15	-1	263	841	938	1227	60	25	15	-1	585	1870	2084	2727	60	25	15	5390	4	1	3	2
186	90级-普通-风耀	风耀	风耀	6	-1	1.95	6.23	6.95	9.09	60	25	15	-1	263	841	938	1227	60	25	15	-1	410	1309	1459	1909	60	25	15	-1	263	841	938	1227	60	25	15	-1	585	1870	2084	2727	60	25	15	5391	4	1	3	2
187	90级-普通-月曜	月曜	月曜	7	-1	1.95	6.23	6.95	9.09	60	25	15	-1	263	841	938	1227	60	25	15	-1	410	1309	1459	1909	60	25	15	-1	585	1870	2084	2727	60	25	15	-1	263	841	938	1227	60	25	15	5392	4	1	3	2
188	90级-普通-灵耀	灵耀	灵耀	8	-1	1.95	6.23	6.95	9.09	60	25	15	-1	263	841	938	1227	60	25	15	-1	263	841	938	1227	60	25	15	-1	585	1870	2084	2727	60	25	15	-1	410	1309	1459	1909	60	25	15	5393	4	1	3	2
189	90级-普通-天曜	天曜	天曜	9	-1	1.95	6.23	6.95	9.09	60	25	15	-1	410	1309	1459	1909	60	25	15	-1	263	841	938	1227	60	25	15	-1	585	1870	2084	2727	60	25	15	-1	263	841	938	1227	60	25	15	5394	4	1	3	2
190	90级-普通-地曜	地曜	地曜	10	-1	1.95	6.23	6.95	9.09	60	25	15	-1	410	1309	1459	1909	60	25	15	-1	585	1870	2084	2727	60	25	15	-1	263	841	938	1227	60	25	15	-1	263	841	938	1227	60	25	15	5395	4	1	3	2
191	90级-普通-土曜	土曜	土曜	11	-1	1.95	6.23	6.95	9.09	60	25	15	-1	263	841	938	1227	60	25	15	-1	585	1870	2084	2727	60	25	15	-1	410	1309	1459	1909	60	25	15	-1	263	841	938	1227	60	25	15	5396	4	1	3	2
192	90级-普通-木曜	木曜	木曜	12	-1	1.95	6.23	6.95	9.09	60	25	15	-1	263	841	938	1227	60	25	15	-1	585	1870	2084	2727	60	25	15	-1	263	841	938	1227	60	25	15	-1	410	1309	1459	1909	60	25	15	5397	4	1	3	2
193	90级-稀有-金曜	金曜	金曜	1	-1	2.54	6.47	7.13	9.09	60	25	15	-1	761	1941	2137	2727	60	25	15	-1	533	1359	1496	1909	60	25	15	-1	342	873	962	1227	60	25	15	-1	342	873	962	1227	60	25	15	5386	4	1	3	2
194	90级-稀有-火曜	火曜	火曜	2	-1	2.54	6.47	7.13	9.09	60	25	15	-1	761	1941	2137	2727	60	25	15	-1	342	873	962	1227	60	25	15	-1	342	873	962	1227	60	25	15	-1	533	1359	1496	1909	60	25	15	5387	4	1	3	2
195	90级-稀有-日曜	日曜	日曜	3	-1	2.54	6.47	7.13	9.09	60	25	15	-1	761	1941	2137	2727	60	25	15	-1	342	873	962	1227	60	25	15	-1	533	1359	1496	1909	60	25	15	-1	342	873	962	1227	60	25	15	5388	4	1	3	2
196	90级-稀有-水曜	水曜	水曜	4	-1	2.54	6.47	7.13	9.09	60	25	15	-1	342	873	962	1227	60	25	15	-1	342	873	962	1227	60	25	15	-1	533	1359	1496	1909	60	25	15	-1	761	1941	2137	2727	60	25	15	5389	4	1	3	2
197	90级-稀有-星曜	星曜	星曜	5	-1	2.54	6.47	7.13	9.09	60	25	15	-1	533	1359	1496	1909	60	25	15	-1	342	873	962	1227	60	25	15	-1	342	873	962	1227	60	25	15	-1	761	1941	2137	2727	60	25	15	5390	4	1	3	2
198	90级-稀有-风耀	风耀	风耀	6	-1	2.54	6.47	7.13	9.09	60	25	15	-1	342	873	962	1227	60	25	15	-1	533	1359	1496	1909	60	25	15	-1	342	873	962	1227	60	25	15	-1	761	1941	2137	2727	60	25	15	5391	4	1	3	2
199	90级-稀有-月曜	月曜	月曜	7	-1	2.54	6.47	7.13	9.09	60	25	15	-1	342	873	962	1227	60	25	15	-1	533	1359	1496	1909	60	25	15	-1	761	1941	2137	2727	60	25	15	-1	342	873	962	1227	60	25	15	5392	4	1	3	2
200	90级-稀有-灵耀	灵耀	灵耀	8	-1	2.54	6.47	7.13	9.09	60	25	15	-1	342	873	962	1227	60	25	15	-1	342	873	962	1227	60	25	15	-1	761	1941	2137	2727	60	25	15	-1	533	1359	1496	1909	60	25	15	5393	4	1	3	2
201	90级-稀有-天曜	天曜	天曜	9	-1	2.54	6.47	7.13	9.09	60	25	15	-1	533	1359	1496	1909	60	25	15	-1	342	873	962	1227	60	25	15	-1	761	1941	2137	2727	60	25	15	-1	342	873	962	1227	60	25	15	5394	4	1	3	2
202	90级-稀有-地曜	地曜	地曜	10	-1	2.54	6.47	7.13	9.09	60	25	15	-1	533	1359	1496	1909	60	25	15	-1	761	1941	2137	2727	60	25	15	-1	342	873	962	1227	60	25	15	-1	342	873	962	1227	60	25	15	5395	4	1	3	2
203	90级-稀有-土曜	土曜	土曜	11	-1	2.54	6.47	7.13	9.09	60	25	15	-1	342	873	962	1227	60	25	15	-1	761	1941	2137	2727	60	25	15	-1	533	1359	1496	1909	60	25	15	-1	342	873	962	1227	60	25	15	5396	4	1	3	2
204	90级-稀有-木曜	木曜	木曜	12	-1	2.54	6.47	7.13	9.09	60	25	15	-1	342	873	962	1227	60	25	15	-1	761	1941	2137	2727	60	25	15	-1	342	873	962	1227	60	25	15	-1	533	1359	1496	1909	60	25	15	5397	4	1	3	2
211	120级-稀有-金曜	金曜	金曜	1	7.272	2.92	7.44	8.19	10.45	60	25	15	2352	875	2232	2458	3136	60	25	15	1646	612	1562	1720	2195	60	25	15	1058	394	1004	1106	1411	60	25	15	1058	394	1004	1106	1411	60	25	15	5386	4	1	3	2
212	120级-稀有-火曜	火曜	火曜	2	7.272	2.92	7.44	8.19	10.45	60	25	15	2352	875	2232	2458	3136	60	25	15	1058	394	1004	1106	1411	60	25	15	1058	394	1004	1106	1411	60	25	15	1646	612	1562	1720	2195	60	25	15	5387	4	1	3	2
213	120级-稀有-日曜	日曜	日曜	3	7.272	2.92	7.44	8.19	10.45	60	25	15	2352	875	2232	2458	3136	60	25	15	1058	394	1004	1106	1411	60	25	15	1646	612	1562	1720	2195	60	25	15	1058	394	1004	1106	1411	60	25	15	5388	4	1	3	2
214	120级-稀有-水曜	水曜	水曜	4	7.272	2.92	7.44	8.19	10.45	60	25	15	1058	394	1004	1106	1411	60	25	15	1058	394	1004	1106	1411	60	25	15	1646	612	1562	1720	2195	60	25	15	2352	875	2232	2458	3136	60	25	15	5389	4	1	3	2
215	120级-稀有-星曜	星曜	星曜	5	7.272	2.92	7.44	8.19	10.45	60	25	15	1646	612	1562	1720	2195	60	25	15	1058	394	1004	1106	1411	60	25	15	1058	394	1004	1106	1411	60	25	15	2352	875	2232	2458	3136	60	25	15	5390	4	1	3	2
216	120级-稀有-风耀	风耀	风耀	6	7.272	2.92	7.44	8.19	10.45	60	25	15	1058	394	1004	1106	1411	60	25	15	1646	612	1562	1720	2195	60	25	15	1058	394	1004	1106	1411	60	25	15	2352	875	2232	2458	3136	60	25	15	5391	4	1	3	2
217	120级-稀有-月曜	月曜	月曜	7	7.272	2.92	7.44	8.19	10.45	60	25	15	1058	394	1004	1106	1411	60	25	15	1646	612	1562	1720	2195	60	25	15	2352	875	2232	2458	3136	60	25	15	1058	394	1004	1106	1411	60	25	15	5392	4	1	3	2
218	120级-稀有-灵耀	灵耀	灵耀	8	7.272	2.92	7.44	8.19	10.45	60	25	15	1058	394	1004	1106	1411	60	25	15	1058	394	1004	1106	1411	60	25	15	2352	875	2232	2458	3136	60	25	15	1646	612	1562	1720	2195	60	25	15	5393	4	1	3	2
219	120级-稀有-天曜	天曜	天曜	9	7.272	2.92	7.44	8.19	10.45	60	25	15	1646	612	1562	1720	2195	60	25	15	1058	394	1004	1106	1411	60	25	15	2352	875	2232	2458	3136	60	25	15	1058	394	1004	1106	1411	60	25	15	5394	4	1	3	2
220	120级-稀有-地曜	地曜	地曜	10	7.272	2.92	7.44	8.19	10.45	60	25	15	1646	612	1562	1720	2195	60	25	15	2352	875	2232	2458	3136	60	25	15	1058	394	1004	1106	1411	60	25	15	1058	394	1004	1106	1411	60	25	15	5395	4	1	3	2
221	120级-稀有-土曜	土曜	土曜	11	7.272	2.92	7.44	8.19	10.45	60	25	15	1058	394	1004	1106	1411	60	25	15	2352	875	2232	2458	3136	60	25	15	1646	612	1562	1720	2195	60	25	15	1058	394	1004	1106	1411	60	25	15	5396	4	1	3	2
222	120级-稀有-木曜	木曜	木曜	12	7.272	2.92	7.44	8.19	10.45	60	25	15	1058	394	1004	1106	1411	60	25	15	2352	875	2232	2458	3136	60	25	15	1058	394	1004	1106	1411	60	25	15	1646	612	1562	1720	2195	60	25	15	5397	4	1	3	2
241	大世界90级-普通-金曜	金曜	金曜	1	-1	3.37	6.47	7.13	9.09	60	25	15	-1	878	1870	2084	2727	60	25	15	-1	615	1309	1459	1909	60	25	15	-1	395	841	938	1227	60	25	15	-1	395	841	938	1227	60	25	15	5386	4	1	3	2
242	大世界90级-普通-火曜	火曜	火曜	2	-1	3.37	6.47	7.13	9.09	60	25	15	-1	878	1870	2084	2727	60	25	15	-1	395	841	938	1227	60	25	15	-1	395	841	938	1227	60	25	15	-1	615	1309	1459	1909	60	25	15	5387	4	1	3	2
243	大世界90级-普通-日曜	日曜	日曜	3	-1	3.37	6.47	7.13	9.09	60	25	15	-1	878	1870	2084	2727	60	25	15	-1	395	841	938	1227	60	25	15	-1	615	1309	1459	1909	60	25	15	-1	395	841	938	1227	60	25	15	5388	4	1	3	2
244	大世界90级-普通-水曜	水曜	水曜	4	-1	3.37	6.47	7.13	9.09	60	25	15	-1	395	841	938	1227	60	25	15	-1	395	841	938	1227	60	25	15	-1	615	1309	1459	1909	60	25	15	-1	878	1870	2084	2727	60	25	15	5389	4	1	3	2
245	大世界90级-普通-星曜	星曜	星曜	5	-1	3.37	6.47	7.13	9.09	60	25	15	-1	615	1309	1459	1909	60	25	15	-1	395	841	938	1227	60	25	15	-1	395	841	938	1227	60	25	15	-1	878	1870	2084	2727	60	25	15	5390	4	1	3	2
246	大世界90级-普通-风耀	风耀	风耀	6	-1	3.37	6.47	7.13	9.09	60	25	15	-1	395	841	938	1227	60	25	15	-1	615	1309	1459	1909	60	25	15	-1	395	841	938	1227	60	25	15	-1	878	1870	2084	2727	60	25	15	5391	4	1	3	2
247	大世界90级-普通-月曜	月曜	月曜	7	-1	3.37	6.47	7.13	9.09	60	25	15	-1	395	841	938	1227	60	25	15	-1	615	1309	1459	1909	60	25	15	-1	878	1870	2084	2727	60	25	15	-1	395	841	938	1227	60	25	15	5392	4	1	3	2
248	大世界90级-普通-灵耀	灵耀	灵耀	8	-1	3.37	6.47	7.13	9.09	60	25	15	-1	395	841	938	1227	60	25	15	-1	395	841	938	1227	60	25	15	-1	878	1870	2084	2727	60	25	15	-1	615	1309	1459	1909	60	25	15	5393	4	1	3	2
249	大世界90级-普通-天曜	天曜	天曜	9	-1	3.37	6.47	7.13	9.09	60	25	15	-1	615	1309	1459	1909	60	25	15	-1	395	841	938	1227	60	25	15	-1	878	1870	2084	2727	60	25	15	-1	395	841	938	1227	60	25	15	5394	4	1	3	2
250	大世界90级-普通-地曜	地曜	地曜	10	-1	3.37	6.47	7.13	9.09	60	25	15	-1	615	1309	1459	1909	60	25	15	-1	878	1870	2084	2727	60	25	15	-1	395	841	938	1227	60	25	15	-1	395	841	938	1227	60	25	15	5395	4	1	3	2
251	大世界90级-普通-土曜	土曜	土曜	11	-1	3.37	6.47	7.13	9.09	60	25	15	-1	395	841	938	1227	60	25	15	-1	878	1870	2084	2727	60	25	15	-1	615	1309	1459	1909	60	25	15	-1	395	841	938	1227	60	25	15	5396	4	1	3	2
252	大世界90级-普通-木曜	木曜	木曜	12	-1	3.37	6.47	7.13	9.09	60	25	15	-1	395	841	938	1227	60	25	15	-1	878	1870	2084	2727	60	25	15	-1	395	841	938	1227	60	25	15	-1	615	1309	1459	1909	60	25	15	5397	4	1	3	2
253	大世界90级-稀有-金曜	金曜	金曜	1	-1	3.37	6.47	7.13	9.09	60	25	15	-1	1141	1941	2137	2727	60	25	15	-1	799	1359	1496	1909	60	25	15	-1	514	873	962	1227	60	25	15	-1	514	873	962	1227	60	25	15	5386	4	1	3	2
254	大世界90级-稀有-火曜	火曜	火曜	2	-1	3.37	6.47	7.13	9.09	60	25	15	-1	1141	1941	2137	2727	60	25	15	-1	514	873	962	1227	60	25	15	-1	514	873	962	1227	60	25	15	-1	799	1359	1496	1909	60	25	15	5387	4	1	3	2
255	大世界90级-稀有-日曜	日曜	日曜	3	-1	3.37	6.47	7.13	9.09	60	25	15	-1	1141	1941	2137	2727	60	25	15	-1	514	873	962	1227	60	25	15	-1	799	1359	1496	1909	60	25	15	-1	514	873	962	1227	60	25	15	5388	4	1	3	2
256	大世界90级-稀有-水曜	水曜	水曜	4	-1	3.37	6.47	7.13	9.09	60	25	15	-1	514	873	962	1227	60	25	15	-1	514	873	962	1227	60	25	15	-1	799	1359	1496	1909	60	25	15	-1	1141	1941	2137	2727	60	25	15	5389	4	1	3	2
257	大世界90级-稀有-星曜	星曜	星曜	5	-1	3.37	6.47	7.13	9.09	60	25	15	-1	799	1359	1496	1909	60	25	15	-1	514	873	962	1227	60	25	15	-1	514	873	962	1227	60	25	15	-1	1141	1941	2137	2727	60	25	15	5390	4	1	3	2
258	大世界90级-稀有-风耀	风耀	风耀	6	-1	3.37	6.47	7.13	9.09	60	25	15	-1	514	873	962	1227	60	25	15	-1	799	1359	1496	1909	60	25	15	-1	514	873	962	1227	60	25	15	-1	1141	1941	2137	2727	60	25	15	5391	4	1	3	2
259	大世界90级-稀有-月曜	月曜	月曜	7	-1	3.37	6.47	7.13	9.09	60	25	15	-1	514	873	962	1227	60	25	15	-1	799	1359	1496	1909	60	25	15	-1	1141	1941	2137	2727	60	25	15	-1	514	873	962	1227	60	25	15	5392	4	1	3	2
260	大世界90级-稀有-灵耀	灵耀	灵耀	8	-1	3.37	6.47	7.13	9.09	60	25	15	-1	514	873	962	1227	60	25	15	-1	514	873	962	1227	60	25	15	-1	1141	1941	2137	2727	60	25	15	-1	799	1359	1496	1909	60	25	15	5393	4	1	3	2
261	大世界90级-稀有-天曜	天曜	天曜	9	-1	3.37	6.47	7.13	9.09	60	25	15	-1	799	1359	1496	1909	60	25	15	-1	514	873	962	1227	60	25	15	-1	1141	1941	2137	2727	60	25	15	-1	514	873	962	1227	60	25	15	5394	4	1	3	2
262	大世界90级-稀有-地曜	地曜	地曜	10	-1	3.37	6.47	7.13	9.09	60	25	15	-1	799	1359	1496	1909	60	25	15	-1	1141	1941	2137	2727	60	25	15	-1	514	873	962	1227	60	25	15	-1	514	873	962	1227	60	25	15	5395	4	1	3	2
263	大世界90级-稀有-土曜	土曜	土曜	11	-1	3.37	6.47	7.13	9.09	60	25	15	-1	514	873	962	1227	60	25	15	-1	1141	1941	2137	2727	60	25	15	-1	799	1359	1496	1909	60	25	15	-1	514	873	962	1227	60	25	15	5396	4	1	3	2
264	大世界90级-稀有-木曜	木曜	木曜	12	-1	3.37	6.47	7.13	9.09	60	25	15	-1	514	873	962	1227	60	25	15	-1	1141	1941	2137	2727	60	25	15	-1	514	873	962	1227	60	25	15	-1	799	1359	1496	1909	60	25	15	5397	4	1	3	2
265	90级-稀有-日曜（免洗）	稀有雪宝	日曜	3	-1	9.09	9.09	9.09	9.09	60	25	15	-1	2727	2727	2727	2727	60	25	15	-1	1227	1227	1227	1227	60	25	15	-1	1909	1909	1909	1909	60	25	15	-1	1227	1227	1227	1227	60	25	15	5388	4	1	3	2
266	90级-稀有-风曜	稀有喵呜	风耀	6	7.272	2.54	6.47	7.13	9.09	60	25	15	982	342	873	962	1227	60	25	15	1527	533	1359	1496	1909	60	25	15	982	342	873	962	1227	60	25	15	2182	761	1941	2137	2727	60	25	15	5391	4	1	3	2
