Id	Desc	QingYun1	QingYun2	TianYin1	TianYin2	GuiWang1	GuiWang2	HeHuan1	HeHuan2
INT	STRING	INT	INT	INT	INT	INT	INT	INT	INT
#MAX_ID=1023;MAX_RECORD=1024;TableType=Index;									
#ID	描述	青云男 对应AvatarModel表	青云女	天音男	天音女	鬼王男	鬼王女	合欢男	合欢女
0	创建角色身体	952	953	956	957	954	955	958	959
1	创建角色法宝	34	20	27	21	36	22	23	28
2	羽皇	1	1	1	1	1	1	1	1
3	创建角色武器	126	127	128	129	130	131	132	133
4	羽翅	3	3	3	3	3	3	3	3
5	创建角色面部	67	70	64	71	65	69	66	73
6	羽皇-绑后背	8	8	8	8	8	8	8	8
7	羽翅-绑后背	9	9	9	9	9	9	9	9
8	变身装	-1	-1	625	626	619	620	623	624
9	变身武器	-1	-1	-1	-1	-1	-1	-1	-1
10	变身脸	67	70	64	72	65	69	66	73
11	职业套装1级-身体（普通）	611	612	613	614	615	616	617	618
12	职业套装20级-身体（普通）	619	620	621	622	623	624	625	626
13	职业套装40级-身体（普通）	627	628	629	630	631	632	633	634
14	职业套装70转80级-身体（普通）	635	636	637	638	639	640	641	642
15	职业套装100转100级-身体（普通）	643	644	645	646	647	648	649	650
16	职业套装130转120级-身体（普通）	651	652	653	654	655	656	657	658
17	职业套装150级-身体（普通）	659	660	661	662	663	664	665	666
18	职业套装转135级-身体（普通）	667	668	669	670	671	672	673	674
19	职业套装转145级-身体（普通）	675	676	677	678	679	680	681	682
20	职业套装转155级-身体（普通）	683	684	685	686	687	688	689	690
21	男-发型1	4	-1	4	-1	4	-1	4	-1
22	男-发型2	6	-1	6	-1	6	-1	6	-1
23	男-发型3	10	-1	10	-1	10	-1	10	-1
24	男-发型4	11	-1	11	-1	11	-1	11	-1
25	男-发型5	12	-1	12	-1	12	-1	12	-1
26	女-发型1	-1	5	-1	5	-1	5	-1	5
27	女-发型2	-1	7	-1	7	-1	7	-1	7
28	女-发型3	-1	13	-1	13	-1	13	-1	13
29	女-发型5	-1	14	-1	14	-1	14	-1	14
30	女-发型6	-1	15	-1	15	-1	15	-1	15
31	女-发型8	-1	16	-1	16	-1	16	-1	16
32	女-发型9	-1	17	-1	17	-1	17	-1	17
33	新手副本外观-身体	635	636	645	646	639	640	649	650
34	新手副本外观-面部	67	70	64	71	65	69	66	73
35	新手副本外观-武器	126	127	128	129	130	131	132	133
36	新手副本外观-法宝	-1	-1	-1	-1	-1	-1	-1	-1
37	法宝寒冰剑外观-demo	0	0	0	0	0	0	0	0
38	六合镜	20	20	20	20	20	20	20	20
39	轮回珠	21	21	21	21	21	21	21	21
40	朱雀印	22	22	22	22	22	22	22	22
41	慑心铃	23	23	23	23	23	23	23	23
42	青灵石	24	24	24	24	24	24	24	24
43	控妖笛	25	25	25	25	25	25	25	25
44	寒冰剑	26	26	26	26	26	26	26	26
45	紫金葫芦	27	27	27	27	27	27	27	27
46	伤心花	28	28	28	28	28	28	28	28
47	阴阳镜	29	29	29	29	29	29	29	29
48	九阳尺	30	30	30	30	30	30	30	30
49	斩相思	31	31	31	31	31	31	31	31
50	山河扇	32	32	32	32	32	32	32	32
51	神木骰	33	33	33	33	33	33	33	33
52	天琊	34	34	34	34	34	34	34	34
53	大悲金轮	35	35	35	35	35	35	35	35
54	伏龙鼎	36	36	36	36	36	36	36	36
55	合欢铃	37	37	37	37	37	37	37	37
56	九凝玄冰刺	38	38	38	38	38	38	38	38
57	万毒归宗袋	39	39	39	39	39	39	39	39
58	星盘	40	40	40	40	40	40	40	40
59	紫芒刃	41	41	41	41	41	41	41	41
60	乾坤青光戒	42	42	42	42	42	42	42	42
61	羽翅	43	43	43	43	43	43	43	43
62	羽皇	44	44	44	44	44	44	44	44
63	玄火鉴	45	45	45	45	45	45	45	45
64	噬血珠	46	46	46	46	46	46	46	46
65	摄魂	47	47	47	47	47	47	47	47
66	噬魂	48	48	48	48	48	48	48	48
67	新手外观衣服1	259	260	263	264	261	262	265	266
68	新手外观衣服2	267	268	271	272	269	270	273	274
69	新手外观衣服3	251	252	255	256	253	254	257	258
70	新手外观脸1	63	72	63	72	63	72	63	72
71	新手外观脸2	64	71	64	71	64	71	64	71
72	新手外观脸3	65	69	65	69	65	69	65	69
73	新手外观脸4	66	73	66	73	66	73	66	73
74	新手外观脸5	67	70	67	70	67	70	67	70
75	新手外观脸6	68	74	68	74	68	74	68	74
76	新手外观头发1	6	7	6	7	6	7	6	7
77	新手外观头发2	10	14	10	14	10	14	10	14
78	新手外观头发3	11	15	11	15	11	15	11	15
79	新手外观头发4	12	5	12	5	12	5	12	5
80	新手外观头发5	58	75	58	75	58	75	58	75
81	新手外观头发6	54	17	54	17	54	17	54	17
82	职业武器1级	78	79	80	81	82	83	84	85
83	职业武器20级	86	87	88	89	90	91	92	93
84	职业武器40级	94	95	96	97	98	99	100	101
85	职业武器70转80级	102	103	104	105	106	107	108	109
86	职业武器100转100级	110	111	112	113	114	115	116	117
87	职业武器130转120级	118	119	120	121	122	123	124	125
88	职业武器150级	126	127	128	129	130	131	132	133
89	职业武器转135级	134	135	136	137	138	139	140	141
90	职业武器转145级	142	143	144	145	146	147	148	149
91	职业武器转155级	150	151	152	153	154	155	156	157
92	变身鱼人	341	341	341	341	341	341	341	341
93	新手副本外观-头发	6	7	10	14	12	5	54	17
94	创建角色头发	6	7	10	14	12	5	54	17
95	变身头发	6	7	10	14	12	5	54	17
96	家族聚餐-变身猪	51	51	51	51	51	51	51	51
97	家族聚餐-变身鱼人	414	414	414	414	414	414	414	414
98	家族聚餐-变身黄鸟	369	369	369	369	369	369	369	369
99	琥珀朱绫	76	76	76	76	76	76	76	76
100	诛仙	77	77	77	77	77	77	77	77
101	小凡头	10	-1	10	-1	10	-1	10	-1
102	鬼厉头	12	-1	12	-1	12	-1	12	-1
103	雪琪头	-1	14	-1	14	-1	14	-1	14
104	碧瑶头	-1	13	-1	13	-1	13	-1	13
105	小凡衣服	28	-1	28	-1	28	-1	28	-1
106	鬼厉衣服	864	-1	866	-1	865	-1	867	-1
107	雪琪衣服	-1	872	-1	874	-1	873	-1	875
108	碧瑶衣服	-1	868	-1	870	-1	869	-1	871
109	低级结婚时装-衣服	595	596	599	600	597	598	601	602
110	结婚时装-头饰	251	252	255	256	253	254	257	258
111	高级结婚时装-衣服	940	941	944	945	942	943	946	947
112	时装-孔雀装	603	604	607	608	605	606	609	610
113	时装-青云装	695	696	699	700	697	698	701	702
114	默认新手装	611	612	613	614	615	616	617	618
115	脸部默认外观	67	70	64	71	65	69	66	73
116	头发默认外观	6	7	10	14	12	5	54	17
117	默认武器外观	78	79	80	81	82	83	84	85
118	职业套装1级-身体（散仙）	704	705	706	707	708	709	710	711
119	职业套装20级-身体（散仙）	712	713	714	715	716	717	718	719
120	职业套装40级-身体（散仙）	720	721	722	723	724	725	726	727
121	职业套装70转80级-身体（散仙）	728	729	730	731	732	733	734	735
122	职业套装100转100级-身体（散仙）	736	737	738	739	740	741	742	743
123	职业套装130转120级-身体（散仙）	744	745	746	747	748	749	750	751
124	职业套装150级-身体（散仙）	752	753	754	755	756	757	758	759
125	职业套装转135级-身体（散仙）	760	761	762	763	764	765	766	767
126	职业套装转145级-身体（散仙）	768	769	770	771	772	773	774	775
127	职业套装转155级-身体（散仙）	776	777	778	779	780	781	782	783
128	职业套装1级-身体（真仙）	784	785	786	787	788	789	790	791
129	职业套装20级-身体（真仙）	792	793	794	795	796	797	798	799
130	职业套装40级-身体（真仙）	800	801	802	803	804	805	806	807
131	职业套装70转80级-身体（真仙）	808	809	810	811	812	813	814	815
132	职业套装100转100级-身体（真仙）	816	817	818	819	820	821	822	823
133	职业套装130转120级-身体（真仙）	824	825	826	827	828	829	830	831
134	职业套装150级-身体（真仙）	832	833	834	835	836	837	838	839
135	职业套装转135级-身体（真仙）	840	841	842	843	844	845	846	847
136	职业套装转145级-身体（真仙）	848	849	850	851	852	853	854	855
137	职业套装转155级-身体（真仙）	856	857	858	859	860	861	862	863
138	时装-蓝黑侠客1蓝	881	882	885	886	883	884	887	888
139	时装-九尾狐	893	894	897	898	895	896	899	900
140	男-九尾狐发型	158	-1	158	-1	158	-1	158	-1
141	男-发型13	159	-1	159	-1	159	-1	159	-1
142	男-发型14	160	-1	160	-1	160	-1	160	-1
143	男-发型16	161	-1	161	-1	161	-1	161	-1
144	女-发型4	-1	162	-1	162	-1	162	-1	162
145	女-九尾狐时装发型	-1	163	-1	163	-1	163	-1	163
146	女-陆雪琪发型	-1	164	-1	164	-1	164	-1	164
147	男-发型8	52	-1	52	-1	52	-1	52	-1
148	男-发型9	50	-1	50	-1	50	-1	50	-1
149	女-发型10	-1	51	-1	51	-1	51	-1	51
150	女-碧瑶发型	-1	55	-1	55	-1	55	-1	55
151	时装-蓝黑侠客5紫	989	990	993	994	991	992	995	996
152	时装-蓝黑侠客6橙	997	998	1001	1002	999	1000	1003	1004
153	低级结婚时装2桃花装-衣服	1005	1006	1009	1010	1007	1008	1011	1012
154	男-鬼厉发型	165	-1	165	-1	165	-1	165	-1
155	时装-蓝黑侠客2绿	965	966	969	970	967	968	971	972
156	时装-蓝黑侠客3红	973	974	977	978	975	976	979	980
157	时装-蓝黑侠客4黄	981	982	985	986	983	984	987	988
158	时装-鱼尾装	1014	1015	1018	1019	1016	1017	1020	1021
159	鬼厉头2	168	-1	168	-1	168	-1	168	-1
160	雪琪头2	-1	167	-1	167	-1	167	-1	167
161	碧瑶头2	-1	166	-1	166	-1	166	-1	166
162	鬼厉衣服2	1022	-1	1024	-1	1023	-1	1025	-1
163	雪琪衣服2	-1	1030	-1	1032	-1	1031	-1	1033
164	碧瑶衣服2	-1	1026	-1	1028	-1	1027	-1	1029
165	变身焚香谷弟子	326	564	326	564	326	564	326	564
166	四灵幡	169	169	169	169	169	169	169	169
167	多情环	170	170	170	170	170	170	170	170
168	时装-开学装	1076	1077	1080	1081	1078	1079	1082	1083
169	时装-师徒装	1084	1085	1088	1089	1086	1087	1090	1091
170	时装-中秋装	1092	1093	1096	1097	1094	1095	1098	1099
171	时装-开学发型	171	172	171	172	171	172	171	172
172	时装-中秋发型	173	174	173	174	173	174	173	174
173	时装-凤凰装	1106	1107	1110	1111	1108	1109	1112	1113
174	时装-凤凰发型	175	176	175	176	175	176	175	176
175	时装-修罗装	1114	1115	1118	1119	1116	1117	1120	1121
176	斩龙剑	177	177	177	177	177	177	177	177
177	时装-南瓜发型	178	179	178	179	178	179	178	179
178	时装-舞会面具发型	180	181	180	181	180	181	180	181
179	时装-吸血鬼发型	182	183	182	183	182	183	182	183
180	时装-单身狗发型	184	185	184	185	184	185	184	185
181	圣诞1-发型-低级	202	203	202	203	202	203	202	203
182	圣诞1-衣服-低级	1167	1168	1169	1170	1171	1172	1173	1174
183	圣诞2-发型-高级	175	176	175	176	175	176	175	176
184	圣诞2-衣服-高级	1106	1107	1110	1111	1108	1109	1112	1113
185	圣诞1-武器-低级	186	187	188	189	190	191	192	193
186	星辰-武器-低级	194	195	196	197	198	199	200	201
187	时装-新年壹	1176	1177	1178	1179	1180	1181	1182	1183
188	时装-新年贰	1184	1185	1186	1187	1188	1189	1190	1191
189	新年壹-发型	204	205	204	205	204	205	204	205
190	新年贰-发型	206	207	206	207	206	207	206	207
191	幻灵石 - 张小凡	1212	1212	1212	1212	1212	1212	1212	1212
192	幻灵石 - 三尾	1213	1213	1213	1213	1213	1213	1213	1213
193	幻灵石 - 杜必书	1214	1214	1214	1214	1214	1214	1214	1214
194	幻灵石 - 狐妖	1215	1215	1215	1215	1215	1215	1215	1215
195	幻灵石 - 周一仙	1216	1216	1216	1216	1216	1216	1216	1216
196	幻灵石 - 小环	1217	1217	1217	1217	1217	1217	1217	1217
197	幻灵石 - 林惊羽	1218	1218	1218	1218	1218	1218	1218	1218
198	爆竹	208	208	208	208	208	208	208	208
199	时装-灵狐 - 黄色	1234	1235	1236	1237	1238	1239	1240	1241
200	时装-灵狐 - 紫色	1242	1243	1244	1245	1246	1247	1248	1249
201	时装-灵狐 - 红色	1250	1251	1252	1253	1254	1255	1256	1257
202	时装-天缘 - 绿色	1258	1259	1260	1261	1262	1263	1264	1265
203	时装-天缘 - 蓝色	1266	1267	1268	1269	1270	1271	1272	1273
204	时装-天缘 - 紫色	1274	1275	1276	1277	1278	1279	1280	1281
205	时装-云渺 - 白色	1282	1283	1284	1285	1286	1287	1288	1289
206	时装-云渺 - 黄色	1290	1291	1292	1293	1294	1295	1296	1297
207	时装-云渺 - 蓝色	1298	1299	1300	1301	1302	1303	1304	1305
208	新年-武器	209	210	211	212	213	214	215	216
209	情缘壹·发	217	218	217	218	217	218	217	218
210	情缘壹·衣	1306	1307	1308	1309	1310	1311	1312	1313
211	情缘贰·发	219	220	219	220	219	220	219	220
212	情缘贰·衣	1314	1315	1316	1317	1318	1319	1320	1321
213	绿楹装·衣	-1	1323	-1	1325	-1	1327	-1	1329
214	白玉-武器-时装	221	222	223	224	225	226	227	228
215	蝴蝶装·衣	1347	1348	1349	1350	1351	1352	1353	1354
216	蝴蝶装·发	231	232	231	232	231	232	231	232
