Id	Desc	FormulaType	IsStatic	ProductId	StaticCount	MoneyType	Money	LevelReq	StuffGroup1	StuffCount1	StuffGroup2	StuffCount2	StuffGroup3	StuffCount3	StuffGroup4	StuffCount4	StuffGroup5	StuffCount5	StuffGroup6	StuffCount6	SecPasswordId
INT	STRING	INT	INT	INT	INT	INT	INT	INT	INT	INT	INT	INT	INT	INT	INT	INT	INT	INT	INT	INT	INT
#MAX_ID=10000;MAX_RECORD=10000;																					
#索引	策划维护	配方类型(1宝石降级 2宝石升级 3宝石转换)	是否固定产出	产物ID 固定产出时为物品ID 随机产出为产品组ID	固定产物时的数量	货币类型	金钱消耗	等级限制	材料1合成组	材料1数量	材料2合成组	材料2数量	材料3合成组	材料3数量	材料4合成组	材料4数量	材料5合成组	材料5数量	材料6合成组	材料6数量	二级密码ID 没有填-1
1	元运断金石（2级）降级	1	1	5000	3	0	200	-1	2	1	181	1	-1	-1	-1	-1	-1	-1	-1	-1	-1
2	元运断金石（3级）降级	1	1	5001	3	0	300	-1	3	1	181	1	-1	-1	-1	-1	-1	-1	-1	-1	-1
3	元运断金石（4级）降级	1	1	5002	3	0	400	-1	4	1	181	1	-1	-1	-1	-1	-1	-1	-1	-1	-1
4	元运断金石（5级）降级	1	1	5003	3	0	500	-1	5	1	181	1	-1	-1	-1	-1	-1	-1	-1	-1	-1
5	元运断金石（6级）降级	1	1	5004	3	0	600	-1	6	1	181	1	-1	-1	-1	-1	-1	-1	-1	-1	-1
6	元运断金石（7级）降级	1	1	5005	3	0	700	-1	7	1	181	1	-1	-1	-1	-1	-1	-1	-1	-1	-1
7	元运断金石（8级）降级	1	1	5006	3	0	800	-1	8	1	181	1	-1	-1	-1	-1	-1	-1	-1	-1	-1
8	元运断金石（9级）降级	1	1	5007	3	0	900	-1	9	1	181	1	-1	-1	-1	-1	-1	-1	-1	-1	-1
9	元运断金石（10级）降级	1	1	5008	3	0	1000	-1	10	1	181	1	-1	-1	-1	-1	-1	-1	-1	-1	-1
10	醒神断金石（2级）降级	1	1	5100	3	0	200	-1	12	1	181	1	-1	-1	-1	-1	-1	-1	-1	-1	-1
11	醒神断金石（3级）降级	1	1	5101	3	0	300	-1	13	1	181	1	-1	-1	-1	-1	-1	-1	-1	-1	-1
12	醒神断金石（4级）降级	1	1	5102	3	0	400	-1	14	1	181	1	-1	-1	-1	-1	-1	-1	-1	-1	-1
13	醒神断金石（5级）降级	1	1	5103	3	0	500	-1	15	1	181	1	-1	-1	-1	-1	-1	-1	-1	-1	-1
14	醒神断金石（6级）降级	1	1	5104	3	0	600	-1	16	1	181	1	-1	-1	-1	-1	-1	-1	-1	-1	-1
15	醒神断金石（7级）降级	1	1	5105	3	0	700	-1	17	1	181	1	-1	-1	-1	-1	-1	-1	-1	-1	-1
16	醒神断金石（8级）降级	1	1	5106	3	0	800	-1	18	1	181	1	-1	-1	-1	-1	-1	-1	-1	-1	-1
17	醒神断金石（9级）降级	1	1	5107	3	0	900	-1	19	1	181	1	-1	-1	-1	-1	-1	-1	-1	-1	-1
18	醒神断金石（10级）降级	1	1	5108	3	0	1000	-1	20	1	181	1	-1	-1	-1	-1	-1	-1	-1	-1	-1
19	培元断金石（2级）降级	1	1	5200	3	0	200	-1	22	1	181	1	-1	-1	-1	-1	-1	-1	-1	-1	-1
20	培元断金石（3级）降级	1	1	5201	3	0	300	-1	23	1	181	1	-1	-1	-1	-1	-1	-1	-1	-1	-1
21	培元断金石（4级）降级	1	1	5202	3	0	400	-1	24	1	181	1	-1	-1	-1	-1	-1	-1	-1	-1	-1
22	培元断金石（5级）降级	1	1	5203	3	0	500	-1	25	1	181	1	-1	-1	-1	-1	-1	-1	-1	-1	-1
23	培元断金石（6级）降级	1	1	5204	3	0	600	-1	26	1	181	1	-1	-1	-1	-1	-1	-1	-1	-1	-1
24	培元断金石（7级）降级	1	1	5205	3	0	700	-1	27	1	181	1	-1	-1	-1	-1	-1	-1	-1	-1	-1
25	培元断金石（8级）降级	1	1	5206	3	0	800	-1	28	1	181	1	-1	-1	-1	-1	-1	-1	-1	-1	-1
26	培元断金石（9级）降级	1	1	5207	3	0	900	-1	29	1	181	1	-1	-1	-1	-1	-1	-1	-1	-1	-1
27	培元断金石（10级）降级	1	1	5208	3	0	1000	-1	30	1	181	1	-1	-1	-1	-1	-1	-1	-1	-1	-1
28	混沌断金石（2级）降级	1	1	5300	3	0	200	-1	32	1	181	1	-1	-1	-1	-1	-1	-1	-1	-1	-1
29	混沌断金石（3级）降级	1	1	5301	3	0	300	-1	33	1	181	1	-1	-1	-1	-1	-1	-1	-1	-1	-1
30	混沌断金石（4级）降级	1	1	5302	3	0	400	-1	34	1	181	1	-1	-1	-1	-1	-1	-1	-1	-1	-1
31	混沌断金石（5级）降级	1	1	5303	3	0	500	-1	35	1	181	1	-1	-1	-1	-1	-1	-1	-1	-1	-1
32	混沌断金石（6级）降级	1	1	5304	3	0	600	-1	36	1	181	1	-1	-1	-1	-1	-1	-1	-1	-1	-1
33	混沌断金石（7级）降级	1	1	5305	3	0	700	-1	37	1	181	1	-1	-1	-1	-1	-1	-1	-1	-1	-1
34	混沌断金石（8级）降级	1	1	5306	3	0	800	-1	38	1	181	1	-1	-1	-1	-1	-1	-1	-1	-1	-1
35	混沌断金石（9级）降级	1	1	5307	3	0	900	-1	39	1	181	1	-1	-1	-1	-1	-1	-1	-1	-1	-1
36	混沌断金石（10级）降级	1	1	5308	3	0	1000	-1	40	1	181	1	-1	-1	-1	-1	-1	-1	-1	-1	-1
37	夺魄断金石（2级）降级	1	1	5400	3	0	200	-1	42	1	181	1	-1	-1	-1	-1	-1	-1	-1	-1	-1
38	夺魄断金石（3级）降级	1	1	5401	3	0	300	-1	43	1	181	1	-1	-1	-1	-1	-1	-1	-1	-1	-1
39	夺魄断金石（4级）降级	1	1	5402	3	0	400	-1	44	1	181	1	-1	-1	-1	-1	-1	-1	-1	-1	-1
40	夺魄断金石（5级）降级	1	1	5403	3	0	500	-1	45	1	181	1	-1	-1	-1	-1	-1	-1	-1	-1	-1
41	夺魄断金石（6级）降级	1	1	5404	3	0	600	-1	46	1	181	1	-1	-1	-1	-1	-1	-1	-1	-1	-1
42	夺魄断金石（7级）降级	1	1	5405	3	0	700	-1	47	1	181	1	-1	-1	-1	-1	-1	-1	-1	-1	-1
43	夺魄断金石（8级）降级	1	1	5406	3	0	800	-1	48	1	181	1	-1	-1	-1	-1	-1	-1	-1	-1	-1
44	夺魄断金石（9级）降级	1	1	5407	3	0	900	-1	49	1	181	1	-1	-1	-1	-1	-1	-1	-1	-1	-1
45	夺魄断金石（10级）降级	1	1	5408	3	0	1000	-1	50	1	181	1	-1	-1	-1	-1	-1	-1	-1	-1	-1
46	渡劫金刚石（2级）降级	1	1	5500	3	0	200	-1	52	1	181	1	-1	-1	-1	-1	-1	-1	-1	-1	-1
47	渡劫金刚石（3级）降级	1	1	5501	3	0	300	-1	53	1	181	1	-1	-1	-1	-1	-1	-1	-1	-1	-1
48	渡劫金刚石（4级）降级	1	1	5502	3	0	400	-1	54	1	181	1	-1	-1	-1	-1	-1	-1	-1	-1	-1
49	渡劫金刚石（5级）降级	1	1	5503	3	0	500	-1	55	1	181	1	-1	-1	-1	-1	-1	-1	-1	-1	-1
50	渡劫金刚石（6级）降级	1	1	5504	3	0	600	-1	56	1	181	1	-1	-1	-1	-1	-1	-1	-1	-1	-1
51	渡劫金刚石（7级）降级	1	1	5505	3	0	700	-1	57	1	181	1	-1	-1	-1	-1	-1	-1	-1	-1	-1
52	渡劫金刚石（8级）降级	1	1	5506	3	0	800	-1	58	1	181	1	-1	-1	-1	-1	-1	-1	-1	-1	-1
53	渡劫金刚石（9级）降级	1	1	5507	3	0	900	-1	59	1	181	1	-1	-1	-1	-1	-1	-1	-1	-1	-1
54	渡劫金刚石（10级）降级	1	1	5508	3	0	1000	-1	60	1	181	1	-1	-1	-1	-1	-1	-1	-1	-1	-1
55	三味金刚石（2级）降级	1	1	5600	3	0	200	-1	62	1	181	1	-1	-1	-1	-1	-1	-1	-1	-1	-1
56	三味金刚石（3级）降级	1	1	5601	3	0	300	-1	63	1	181	1	-1	-1	-1	-1	-1	-1	-1	-1	-1
57	三味金刚石（4级）降级	1	1	5602	3	0	400	-1	64	1	181	1	-1	-1	-1	-1	-1	-1	-1	-1	-1
58	三味金刚石（5级）降级	1	1	5603	3	0	500	-1	65	1	181	1	-1	-1	-1	-1	-1	-1	-1	-1	-1
59	三味金刚石（6级）降级	1	1	5604	3	0	600	-1	66	1	181	1	-1	-1	-1	-1	-1	-1	-1	-1	-1
60	三味金刚石（7级）降级	1	1	5605	3	0	700	-1	67	1	181	1	-1	-1	-1	-1	-1	-1	-1	-1	-1
61	三味金刚石（8级）降级	1	1	5606	3	0	800	-1	68	1	181	1	-1	-1	-1	-1	-1	-1	-1	-1	-1
62	三味金刚石（9级）降级	1	1	5607	3	0	900	-1	69	1	181	1	-1	-1	-1	-1	-1	-1	-1	-1	-1
63	三味金刚石（10级）降级	1	1	5608	3	0	1000	-1	70	1	181	1	-1	-1	-1	-1	-1	-1	-1	-1	-1
64	神行金刚石（2级）降级	1	1	5700	3	0	200	-1	72	1	181	1	-1	-1	-1	-1	-1	-1	-1	-1	-1
65	神行金刚石（3级）降级	1	1	5701	3	0	300	-1	73	1	181	1	-1	-1	-1	-1	-1	-1	-1	-1	-1
66	神行金刚石（4级）降级	1	1	5702	3	0	400	-1	74	1	181	1	-1	-1	-1	-1	-1	-1	-1	-1	-1
67	神行金刚石（5级）降级	1	1	5703	3	0	500	-1	75	1	181	1	-1	-1	-1	-1	-1	-1	-1	-1	-1
68	神行金刚石（6级）降级	1	1	5704	3	0	600	-1	76	1	181	1	-1	-1	-1	-1	-1	-1	-1	-1	-1
69	神行金刚石（7级）降级	1	1	5705	3	0	700	-1	77	1	181	1	-1	-1	-1	-1	-1	-1	-1	-1	-1
70	神行金刚石（8级）降级	1	1	5706	3	0	800	-1	78	1	181	1	-1	-1	-1	-1	-1	-1	-1	-1	-1
71	神行金刚石（9级）降级	1	1	5707	3	0	900	-1	79	1	181	1	-1	-1	-1	-1	-1	-1	-1	-1	-1
72	神行金刚石（10级）降级	1	1	5708	3	0	1000	-1	80	1	181	1	-1	-1	-1	-1	-1	-1	-1	-1	-1
73	天心金刚石（2级）降级	1	1	5800	3	0	200	-1	82	1	181	1	-1	-1	-1	-1	-1	-1	-1	-1	-1
74	天心金刚石（3级）降级	1	1	5801	3	0	300	-1	83	1	181	1	-1	-1	-1	-1	-1	-1	-1	-1	-1
75	天心金刚石（4级）降级	1	1	5802	3	0	400	-1	84	1	181	1	-1	-1	-1	-1	-1	-1	-1	-1	-1
76	天心金刚石（5级）降级	1	1	5803	3	0	500	-1	85	1	181	1	-1	-1	-1	-1	-1	-1	-1	-1	-1
77	天心金刚石（6级）降级	1	1	5804	3	0	600	-1	86	1	181	1	-1	-1	-1	-1	-1	-1	-1	-1	-1
78	天心金刚石（7级）降级	1	1	5805	3	0	700	-1	87	1	181	1	-1	-1	-1	-1	-1	-1	-1	-1	-1
79	天心金刚石（8级）降级	1	1	5806	3	0	800	-1	88	1	181	1	-1	-1	-1	-1	-1	-1	-1	-1	-1
80	天心金刚石（9级）降级	1	1	5807	3	0	900	-1	89	1	181	1	-1	-1	-1	-1	-1	-1	-1	-1	-1
81	天心金刚石（10级）降级	1	1	5808	3	0	1000	-1	90	1	181	1	-1	-1	-1	-1	-1	-1	-1	-1	-1
82	避尘金刚石（2级）降级	1	1	5900	3	0	200	-1	92	1	181	1	-1	-1	-1	-1	-1	-1	-1	-1	-1
83	避尘金刚石（3级）降级	1	1	5901	3	0	300	-1	93	1	181	1	-1	-1	-1	-1	-1	-1	-1	-1	-1
84	避尘金刚石（4级）降级	1	1	5902	3	0	400	-1	94	1	181	1	-1	-1	-1	-1	-1	-1	-1	-1	-1
85	避尘金刚石（5级）降级	1	1	5903	3	0	500	-1	95	1	181	1	-1	-1	-1	-1	-1	-1	-1	-1	-1
86	避尘金刚石（6级）降级	1	1	5904	3	0	600	-1	96	1	181	1	-1	-1	-1	-1	-1	-1	-1	-1	-1
87	避尘金刚石（7级）降级	1	1	5905	3	0	700	-1	97	1	181	1	-1	-1	-1	-1	-1	-1	-1	-1	-1
88	避尘金刚石（8级）降级	1	1	5906	3	0	800	-1	98	1	181	1	-1	-1	-1	-1	-1	-1	-1	-1	-1
89	避尘金刚石（9级）降级	1	1	5907	3	0	900	-1	99	1	181	1	-1	-1	-1	-1	-1	-1	-1	-1	-1
90	避尘金刚石（10级）降级	1	1	5908	3	0	1000	-1	100	1	181	1	-1	-1	-1	-1	-1	-1	-1	-1	-1
91	强震断金石（2级）	1	1	6000	3	0	200	-1	102	1	181	1	-1	-1	-1	-1	-1	-1	-1	-1	-1
92	强震断金石（3级）	1	1	6001	3	0	300	-1	103	1	181	1	-1	-1	-1	-1	-1	-1	-1	-1	-1
93	强震断金石（4级）	1	1	6002	3	0	400	-1	104	1	181	1	-1	-1	-1	-1	-1	-1	-1	-1	-1
94	强震断金石（5级）	1	1	6003	3	0	500	-1	105	1	181	1	-1	-1	-1	-1	-1	-1	-1	-1	-1
95	强震断金石（6级）	1	1	6004	3	0	600	-1	106	1	181	1	-1	-1	-1	-1	-1	-1	-1	-1	-1
96	强震断金石（7级）	1	1	6005	3	0	700	-1	107	1	181	1	-1	-1	-1	-1	-1	-1	-1	-1	-1
97	强震断金石（8级）	1	1	6006	3	0	800	-1	108	1	181	1	-1	-1	-1	-1	-1	-1	-1	-1	-1
98	强震断金石（9级）	1	1	6007	3	0	900	-1	109	1	181	1	-1	-1	-1	-1	-1	-1	-1	-1	-1
99	强震断金石（10级）	1	1	6008	3	0	1000	-1	110	1	181	1	-1	-1	-1	-1	-1	-1	-1	-1	-1
100	摄心断金石（2级）	1	1	6100	3	0	200	-1	112	1	181	1	-1	-1	-1	-1	-1	-1	-1	-1	-1
101	摄心断金石（3级）	1	1	6101	3	0	300	-1	113	1	181	1	-1	-1	-1	-1	-1	-1	-1	-1	-1
102	摄心断金石（4级）	1	1	6102	3	0	400	-1	114	1	181	1	-1	-1	-1	-1	-1	-1	-1	-1	-1
103	摄心断金石（5级）	1	1	6103	3	0	500	-1	115	1	181	1	-1	-1	-1	-1	-1	-1	-1	-1	-1
104	摄心断金石（6级）	1	1	6104	3	0	600	-1	116	1	181	1	-1	-1	-1	-1	-1	-1	-1	-1	-1
105	摄心断金石（7级）	1	1	6105	3	0	700	-1	117	1	181	1	-1	-1	-1	-1	-1	-1	-1	-1	-1
106	摄心断金石（8级）	1	1	6106	3	0	800	-1	118	1	181	1	-1	-1	-1	-1	-1	-1	-1	-1	-1
107	摄心断金石（9级）	1	1	6107	3	0	900	-1	119	1	181	1	-1	-1	-1	-1	-1	-1	-1	-1	-1
108	摄心断金石（10级）	1	1	6108	3	0	1000	-1	120	1	181	1	-1	-1	-1	-1	-1	-1	-1	-1	-1
109	御魂断金石（2级）	1	1	6200	3	0	200	-1	122	1	181	1	-1	-1	-1	-1	-1	-1	-1	-1	-1
110	御魂断金石（3级）	1	1	6201	3	0	300	-1	123	1	181	1	-1	-1	-1	-1	-1	-1	-1	-1	-1
111	御魂断金石（4级）	1	1	6202	3	0	400	-1	124	1	181	1	-1	-1	-1	-1	-1	-1	-1	-1	-1
112	御魂断金石（5级）	1	1	6203	3	0	500	-1	125	1	181	1	-1	-1	-1	-1	-1	-1	-1	-1	-1
113	御魂断金石（6级）	1	1	6204	3	0	600	-1	126	1	181	1	-1	-1	-1	-1	-1	-1	-1	-1	-1
114	御魂断金石（7级）	1	1	6205	3	0	700	-1	127	1	181	1	-1	-1	-1	-1	-1	-1	-1	-1	-1
115	御魂断金石（8级）	1	1	6206	3	0	800	-1	128	1	181	1	-1	-1	-1	-1	-1	-1	-1	-1	-1
116	御魂断金石（9级）	1	1	6207	3	0	900	-1	129	1	181	1	-1	-1	-1	-1	-1	-1	-1	-1	-1
117	御魂断金石（10级）	1	1	6208	3	0	1000	-1	130	1	181	1	-1	-1	-1	-1	-1	-1	-1	-1	-1
118	万钧断金石（2级）	1	1	6300	3	0	200	-1	132	1	181	1	-1	-1	-1	-1	-1	-1	-1	-1	-1
119	万钧断金石（3级）	1	1	6301	3	0	300	-1	133	1	181	1	-1	-1	-1	-1	-1	-1	-1	-1	-1
120	万钧断金石（4级）	1	1	6302	3	0	400	-1	134	1	181	1	-1	-1	-1	-1	-1	-1	-1	-1	-1
121	万钧断金石（5级）	1	1	6303	3	0	500	-1	135	1	181	1	-1	-1	-1	-1	-1	-1	-1	-1	-1
122	万钧断金石（6级）	1	1	6304	3	0	600	-1	136	1	181	1	-1	-1	-1	-1	-1	-1	-1	-1	-1
123	万钧断金石（7级）	1	1	6305	3	0	700	-1	137	1	181	1	-1	-1	-1	-1	-1	-1	-1	-1	-1
124	万钧断金石（8级）	1	1	6306	3	0	800	-1	138	1	181	1	-1	-1	-1	-1	-1	-1	-1	-1	-1
125	万钧断金石（9级）	1	1	6307	3	0	900	-1	139	1	181	1	-1	-1	-1	-1	-1	-1	-1	-1	-1
126	万钧断金石（10级）	1	1	6308	3	0	1000	-1	140	1	181	1	-1	-1	-1	-1	-1	-1	-1	-1	-1
127	强震金刚石（2级）	1	1	6400	3	0	200	-1	142	1	181	1	-1	-1	-1	-1	-1	-1	-1	-1	-1
128	强震金刚石（3级）	1	1	6401	3	0	300	-1	143	1	181	1	-1	-1	-1	-1	-1	-1	-1	-1	-1
129	强震金刚石（4级）	1	1	6402	3	0	400	-1	144	1	181	1	-1	-1	-1	-1	-1	-1	-1	-1	-1
130	强震金刚石（5级）	1	1	6403	3	0	500	-1	145	1	181	1	-1	-1	-1	-1	-1	-1	-1	-1	-1
131	强震金刚石（6级）	1	1	6404	3	0	600	-1	146	1	181	1	-1	-1	-1	-1	-1	-1	-1	-1	-1
132	强震金刚石（7级）	1	1	6405	3	0	700	-1	147	1	181	1	-1	-1	-1	-1	-1	-1	-1	-1	-1
133	强震金刚石（8级）	1	1	6406	3	0	800	-1	148	1	181	1	-1	-1	-1	-1	-1	-1	-1	-1	-1
134	强震金刚石（9级）	1	1	6407	3	0	900	-1	149	1	181	1	-1	-1	-1	-1	-1	-1	-1	-1	-1
135	强震金刚石（10级）	1	1	6408	3	0	1000	-1	150	1	181	1	-1	-1	-1	-1	-1	-1	-1	-1	-1
136	摄心金刚石（2级）	1	1	6500	3	0	200	-1	152	1	181	1	-1	-1	-1	-1	-1	-1	-1	-1	-1
137	摄心金刚石（3级）	1	1	6501	3	0	300	-1	153	1	181	1	-1	-1	-1	-1	-1	-1	-1	-1	-1
138	摄心金刚石（4级）	1	1	6502	3	0	400	-1	154	1	181	1	-1	-1	-1	-1	-1	-1	-1	-1	-1
139	摄心金刚石（5级）	1	1	6503	3	0	500	-1	155	1	181	1	-1	-1	-1	-1	-1	-1	-1	-1	-1
140	摄心金刚石（6级）	1	1	6504	3	0	600	-1	156	1	181	1	-1	-1	-1	-1	-1	-1	-1	-1	-1
141	摄心金刚石（7级）	1	1	6505	3	0	700	-1	157	1	181	1	-1	-1	-1	-1	-1	-1	-1	-1	-1
142	摄心金刚石（8级）	1	1	6506	3	0	800	-1	158	1	181	1	-1	-1	-1	-1	-1	-1	-1	-1	-1
143	摄心金刚石（9级）	1	1	6507	3	0	900	-1	159	1	181	1	-1	-1	-1	-1	-1	-1	-1	-1	-1
144	摄心金刚石（10级）	1	1	6508	3	0	1000	-1	160	1	181	1	-1	-1	-1	-1	-1	-1	-1	-1	-1
145	御魂金刚石（2级）	1	1	6600	3	0	200	-1	162	1	181	1	-1	-1	-1	-1	-1	-1	-1	-1	-1
146	御魂金刚石（3级）	1	1	6601	3	0	300	-1	163	1	181	1	-1	-1	-1	-1	-1	-1	-1	-1	-1
147	御魂金刚石（4级）	1	1	6602	3	0	400	-1	164	1	181	1	-1	-1	-1	-1	-1	-1	-1	-1	-1
148	御魂金刚石（5级）	1	1	6603	3	0	500	-1	165	1	181	1	-1	-1	-1	-1	-1	-1	-1	-1	-1
149	御魂金刚石（6级）	1	1	6604	3	0	600	-1	166	1	181	1	-1	-1	-1	-1	-1	-1	-1	-1	-1
150	御魂金刚石（7级）	1	1	6605	3	0	700	-1	167	1	181	1	-1	-1	-1	-1	-1	-1	-1	-1	-1
151	御魂金刚石（8级）	1	1	6606	3	0	800	-1	168	1	181	1	-1	-1	-1	-1	-1	-1	-1	-1	-1
152	御魂金刚石（9级）	1	1	6607	3	0	900	-1	169	1	181	1	-1	-1	-1	-1	-1	-1	-1	-1	-1
153	御魂金刚石（10级）	1	1	6608	3	0	1000	-1	170	1	181	1	-1	-1	-1	-1	-1	-1	-1	-1	-1
154	万钧金刚石（2级）	1	1	6700	3	0	200	-1	172	1	181	1	-1	-1	-1	-1	-1	-1	-1	-1	-1
155	万钧金刚石（3级）	1	1	6701	3	0	300	-1	173	1	181	1	-1	-1	-1	-1	-1	-1	-1	-1	-1
156	万钧金刚石（4级）	1	1	6702	3	0	400	-1	174	1	181	1	-1	-1	-1	-1	-1	-1	-1	-1	-1
157	万钧金刚石（5级）	1	1	6703	3	0	500	-1	175	1	181	1	-1	-1	-1	-1	-1	-1	-1	-1	-1
158	万钧金刚石（6级）	1	1	6704	3	0	600	-1	176	1	181	1	-1	-1	-1	-1	-1	-1	-1	-1	-1
159	万钧金刚石（7级）	1	1	6705	3	0	700	-1	177	1	181	1	-1	-1	-1	-1	-1	-1	-1	-1	-1
160	万钧金刚石（8级）	1	1	6706	3	0	800	-1	178	1	181	1	-1	-1	-1	-1	-1	-1	-1	-1	-1
161	万钧金刚石（9级）	1	1	6707	3	0	900	-1	179	1	181	1	-1	-1	-1	-1	-1	-1	-1	-1	-1
162	万钧金刚石（10级）	1	1	6708	3	0	1000	-1	180	1	181	1	-1	-1	-1	-1	-1	-1	-1	-1	-1
163	元运断金石（1级）升级	2	1	5001	1	0	0	-1	1	3	-1	-1	-1	-1	-1	-1	-1	-1	-1	-1	-1
164	元运断金石（2级）升级	2	1	5002	1	0	0	-1	2	3	-1	-1	-1	-1	-1	-1	-1	-1	-1	-1	-1
165	元运断金石（3级）升级	2	1	5003	1	0	0	-1	3	3	-1	-1	-1	-1	-1	-1	-1	-1	-1	-1	-1
166	元运断金石（4级）升级	2	1	5004	1	0	0	-1	4	3	-1	-1	-1	-1	-1	-1	-1	-1	-1	-1	-1
167	元运断金石（5级）升级	2	1	5005	1	0	0	-1	5	3	-1	-1	-1	-1	-1	-1	-1	-1	-1	-1	-1
168	元运断金石（6级）升级	2	1	5006	1	0	0	-1	6	3	-1	-1	-1	-1	-1	-1	-1	-1	-1	-1	-1
169	元运断金石（7级）升级	2	1	5007	1	0	0	-1	7	3	-1	-1	-1	-1	-1	-1	-1	-1	-1	-1	-1
170	元运断金石（8级）升级	2	1	5008	1	0	0	-1	8	3	-1	-1	-1	-1	-1	-1	-1	-1	-1	-1	-1
171	元运断金石（9级）升级	2	1	5009	1	0	0	-1	9	3	-1	-1	-1	-1	-1	-1	-1	-1	-1	-1	-1
172	醒神断金石（1级）升级	2	1	5101	1	0	0	-1	11	3	-1	-1	-1	-1	-1	-1	-1	-1	-1	-1	-1
173	醒神断金石（2级）升级	2	1	5102	1	0	0	-1	12	3	-1	-1	-1	-1	-1	-1	-1	-1	-1	-1	-1
174	醒神断金石（3级）升级	2	1	5103	1	0	0	-1	13	3	-1	-1	-1	-1	-1	-1	-1	-1	-1	-1	-1
175	醒神断金石（4级）升级	2	1	5104	1	0	0	-1	14	3	-1	-1	-1	-1	-1	-1	-1	-1	-1	-1	-1
176	醒神断金石（5级）升级	2	1	5105	1	0	0	-1	15	3	-1	-1	-1	-1	-1	-1	-1	-1	-1	-1	-1
177	醒神断金石（6级）升级	2	1	5106	1	0	0	-1	16	3	-1	-1	-1	-1	-1	-1	-1	-1	-1	-1	-1
178	醒神断金石（7级）升级	2	1	5107	1	0	0	-1	17	3	-1	-1	-1	-1	-1	-1	-1	-1	-1	-1	-1
179	醒神断金石（8级）升级	2	1	5108	1	0	0	-1	18	3	-1	-1	-1	-1	-1	-1	-1	-1	-1	-1	-1
180	醒神断金石（9级）升级	2	1	5109	1	0	0	-1	19	3	-1	-1	-1	-1	-1	-1	-1	-1	-1	-1	-1
181	培元断金石（1级）升级	2	1	5201	1	0	0	-1	21	3	-1	-1	-1	-1	-1	-1	-1	-1	-1	-1	-1
182	培元断金石（2级）升级	2	1	5202	1	0	0	-1	22	3	-1	-1	-1	-1	-1	-1	-1	-1	-1	-1	-1
183	培元断金石（3级）升级	2	1	5203	1	0	0	-1	23	3	-1	-1	-1	-1	-1	-1	-1	-1	-1	-1	-1
184	培元断金石（4级）升级	2	1	5204	1	0	0	-1	24	3	-1	-1	-1	-1	-1	-1	-1	-1	-1	-1	-1
185	培元断金石（5级）升级	2	1	5205	1	0	0	-1	25	3	-1	-1	-1	-1	-1	-1	-1	-1	-1	-1	-1
186	培元断金石（6级）升级	2	1	5206	1	0	0	-1	26	3	-1	-1	-1	-1	-1	-1	-1	-1	-1	-1	-1
187	培元断金石（7级）升级	2	1	5207	1	0	0	-1	27	3	-1	-1	-1	-1	-1	-1	-1	-1	-1	-1	-1
188	培元断金石（8级）升级	2	1	5208	1	0	0	-1	28	3	-1	-1	-1	-1	-1	-1	-1	-1	-1	-1	-1
189	培元断金石（9级）升级	2	1	5209	1	0	0	-1	29	3	-1	-1	-1	-1	-1	-1	-1	-1	-1	-1	-1
190	混沌断金石（1级）升级	2	1	5301	1	0	0	-1	31	3	-1	-1	-1	-1	-1	-1	-1	-1	-1	-1	-1
191	混沌断金石（2级）升级	2	1	5302	1	0	0	-1	32	3	-1	-1	-1	-1	-1	-1	-1	-1	-1	-1	-1
192	混沌断金石（3级）升级	2	1	5303	1	0	0	-1	33	3	-1	-1	-1	-1	-1	-1	-1	-1	-1	-1	-1
193	混沌断金石（4级）升级	2	1	5304	1	0	0	-1	34	3	-1	-1	-1	-1	-1	-1	-1	-1	-1	-1	-1
194	混沌断金石（5级）升级	2	1	5305	1	0	0	-1	35	3	-1	-1	-1	-1	-1	-1	-1	-1	-1	-1	-1
195	混沌断金石（6级）升级	2	1	5306	1	0	0	-1	36	3	-1	-1	-1	-1	-1	-1	-1	-1	-1	-1	-1
196	混沌断金石（7级）升级	2	1	5307	1	0	0	-1	37	3	-1	-1	-1	-1	-1	-1	-1	-1	-1	-1	-1
197	混沌断金石（8级）升级	2	1	5308	1	0	0	-1	38	3	-1	-1	-1	-1	-1	-1	-1	-1	-1	-1	-1
198	混沌断金石（9级）升级	2	1	5309	1	0	0	-1	39	3	-1	-1	-1	-1	-1	-1	-1	-1	-1	-1	-1
199	夺魄断金石（1级）升级	2	1	5401	1	0	0	-1	41	3	-1	-1	-1	-1	-1	-1	-1	-1	-1	-1	-1
200	夺魄断金石（2级）升级	2	1	5402	1	0	0	-1	42	3	-1	-1	-1	-1	-1	-1	-1	-1	-1	-1	-1
201	夺魄断金石（3级）升级	2	1	5403	1	0	0	-1	43	3	-1	-1	-1	-1	-1	-1	-1	-1	-1	-1	-1
202	夺魄断金石（4级）升级	2	1	5404	1	0	0	-1	44	3	-1	-1	-1	-1	-1	-1	-1	-1	-1	-1	-1
203	夺魄断金石（5级）升级	2	1	5405	1	0	0	-1	45	3	-1	-1	-1	-1	-1	-1	-1	-1	-1	-1	-1
204	夺魄断金石（6级）升级	2	1	5406	1	0	0	-1	46	3	-1	-1	-1	-1	-1	-1	-1	-1	-1	-1	-1
205	夺魄断金石（7级）升级	2	1	5407	1	0	0	-1	47	3	-1	-1	-1	-1	-1	-1	-1	-1	-1	-1	-1
206	夺魄断金石（8级）升级	2	1	5408	1	0	0	-1	48	3	-1	-1	-1	-1	-1	-1	-1	-1	-1	-1	-1
207	夺魄断金石（9级）升级	2	1	5409	1	0	0	-1	49	3	-1	-1	-1	-1	-1	-1	-1	-1	-1	-1	-1
208	渡劫金刚石（1级）升级	2	1	5501	1	0	0	-1	51	3	-1	-1	-1	-1	-1	-1	-1	-1	-1	-1	-1
209	渡劫金刚石（2级）升级	2	1	5502	1	0	0	-1	52	3	-1	-1	-1	-1	-1	-1	-1	-1	-1	-1	-1
210	渡劫金刚石（3级）升级	2	1	5503	1	0	0	-1	53	3	-1	-1	-1	-1	-1	-1	-1	-1	-1	-1	-1
211	渡劫金刚石（4级）升级	2	1	5504	1	0	0	-1	54	3	-1	-1	-1	-1	-1	-1	-1	-1	-1	-1	-1
212	渡劫金刚石（5级）升级	2	1	5505	1	0	0	-1	55	3	-1	-1	-1	-1	-1	-1	-1	-1	-1	-1	-1
213	渡劫金刚石（6级）升级	2	1	5506	1	0	0	-1	56	3	-1	-1	-1	-1	-1	-1	-1	-1	-1	-1	-1
214	渡劫金刚石（7级）升级	2	1	5507	1	0	0	-1	57	3	-1	-1	-1	-1	-1	-1	-1	-1	-1	-1	-1
215	渡劫金刚石（8级）升级	2	1	5508	1	0	0	-1	58	3	-1	-1	-1	-1	-1	-1	-1	-1	-1	-1	-1
216	渡劫金刚石（9级）升级	2	1	5509	1	0	0	-1	59	3	-1	-1	-1	-1	-1	-1	-1	-1	-1	-1	-1
217	三味金刚石（1级）升级	2	1	5601	1	0	0	-1	61	3	-1	-1	-1	-1	-1	-1	-1	-1	-1	-1	-1
218	三味金刚石（2级）升级	2	1	5602	1	0	0	-1	62	3	-1	-1	-1	-1	-1	-1	-1	-1	-1	-1	-1
219	三味金刚石（3级）升级	2	1	5603	1	0	0	-1	63	3	-1	-1	-1	-1	-1	-1	-1	-1	-1	-1	-1
220	三味金刚石（4级）升级	2	1	5604	1	0	0	-1	64	3	-1	-1	-1	-1	-1	-1	-1	-1	-1	-1	-1
221	三味金刚石（5级）升级	2	1	5605	1	0	0	-1	65	3	-1	-1	-1	-1	-1	-1	-1	-1	-1	-1	-1
222	三味金刚石（6级）升级	2	1	5606	1	0	0	-1	66	3	-1	-1	-1	-1	-1	-1	-1	-1	-1	-1	-1
223	三味金刚石（7级）升级	2	1	5607	1	0	0	-1	67	3	-1	-1	-1	-1	-1	-1	-1	-1	-1	-1	-1
224	三味金刚石（8级）升级	2	1	5608	1	0	0	-1	68	3	-1	-1	-1	-1	-1	-1	-1	-1	-1	-1	-1
225	三味金刚石（9级）升级	2	1	5609	1	0	0	-1	69	3	-1	-1	-1	-1	-1	-1	-1	-1	-1	-1	-1
226	神行金刚石（1级）升级	2	1	5701	1	0	0	-1	71	3	-1	-1	-1	-1	-1	-1	-1	-1	-1	-1	-1
227	神行金刚石（2级）升级	2	1	5702	1	0	0	-1	72	3	-1	-1	-1	-1	-1	-1	-1	-1	-1	-1	-1
228	神行金刚石（3级）升级	2	1	5703	1	0	0	-1	73	3	-1	-1	-1	-1	-1	-1	-1	-1	-1	-1	-1
229	神行金刚石（4级）升级	2	1	5704	1	0	0	-1	74	3	-1	-1	-1	-1	-1	-1	-1	-1	-1	-1	-1
230	神行金刚石（5级）升级	2	1	5705	1	0	0	-1	75	3	-1	-1	-1	-1	-1	-1	-1	-1	-1	-1	-1
231	神行金刚石（6级）升级	2	1	5706	1	0	0	-1	76	3	-1	-1	-1	-1	-1	-1	-1	-1	-1	-1	-1
232	神行金刚石（7级）升级	2	1	5707	1	0	0	-1	77	3	-1	-1	-1	-1	-1	-1	-1	-1	-1	-1	-1
233	神行金刚石（8级）升级	2	1	5708	1	0	0	-1	78	3	-1	-1	-1	-1	-1	-1	-1	-1	-1	-1	-1
234	神行金刚石（9级）升级	2	1	5709	1	0	0	-1	79	3	-1	-1	-1	-1	-1	-1	-1	-1	-1	-1	-1
235	天心金刚石（1级）升级	2	1	5801	1	0	0	-1	81	3	-1	-1	-1	-1	-1	-1	-1	-1	-1	-1	-1
236	天心金刚石（2级）升级	2	1	5802	1	0	0	-1	82	3	-1	-1	-1	-1	-1	-1	-1	-1	-1	-1	-1
237	天心金刚石（3级）升级	2	1	5803	1	0	0	-1	83	3	-1	-1	-1	-1	-1	-1	-1	-1	-1	-1	-1
238	天心金刚石（4级）升级	2	1	5804	1	0	0	-1	84	3	-1	-1	-1	-1	-1	-1	-1	-1	-1	-1	-1
239	天心金刚石（5级）升级	2	1	5805	1	0	0	-1	85	3	-1	-1	-1	-1	-1	-1	-1	-1	-1	-1	-1
240	天心金刚石（6级）升级	2	1	5806	1	0	0	-1	86	3	-1	-1	-1	-1	-1	-1	-1	-1	-1	-1	-1
241	天心金刚石（7级）升级	2	1	5807	1	0	0	-1	87	3	-1	-1	-1	-1	-1	-1	-1	-1	-1	-1	-1
242	天心金刚石（8级）升级	2	1	5808	1	0	0	-1	88	3	-1	-1	-1	-1	-1	-1	-1	-1	-1	-1	-1
243	天心金刚石（9级）升级	2	1	5809	1	0	0	-1	89	3	-1	-1	-1	-1	-1	-1	-1	-1	-1	-1	-1
244	避尘金刚石（1级）升级	2	1	5901	1	0	0	-1	91	3	-1	-1	-1	-1	-1	-1	-1	-1	-1	-1	-1
245	避尘金刚石（2级）升级	2	1	5902	1	0	0	-1	92	3	-1	-1	-1	-1	-1	-1	-1	-1	-1	-1	-1
246	避尘金刚石（3级）升级	2	1	5903	1	0	0	-1	93	3	-1	-1	-1	-1	-1	-1	-1	-1	-1	-1	-1
247	避尘金刚石（4级）升级	2	1	5904	1	0	0	-1	94	3	-1	-1	-1	-1	-1	-1	-1	-1	-1	-1	-1
248	避尘金刚石（5级）升级	2	1	5905	1	0	0	-1	95	3	-1	-1	-1	-1	-1	-1	-1	-1	-1	-1	-1
249	避尘金刚石（6级）升级	2	1	5906	1	0	0	-1	96	3	-1	-1	-1	-1	-1	-1	-1	-1	-1	-1	-1
250	避尘金刚石（7级）升级	2	1	5907	1	0	0	-1	97	3	-1	-1	-1	-1	-1	-1	-1	-1	-1	-1	-1
251	避尘金刚石（8级）升级	2	1	5908	1	0	0	-1	98	3	-1	-1	-1	-1	-1	-1	-1	-1	-1	-1	-1
252	避尘金刚石（9级）升级	2	1	5909	1	0	0	-1	99	3	-1	-1	-1	-1	-1	-1	-1	-1	-1	-1	-1
253	强震断金石（1级）升级	2	1	6001	1	0	0	-1	101	3	-1	-1	-1	-1	-1	-1	-1	-1	-1	-1	-1
254	强震断金石（2级）升级	2	1	6002	1	0	0	-1	102	3	-1	-1	-1	-1	-1	-1	-1	-1	-1	-1	-1
255	强震断金石（3级）升级	2	1	6003	1	0	0	-1	103	3	-1	-1	-1	-1	-1	-1	-1	-1	-1	-1	-1
256	强震断金石（4级）升级	2	1	6004	1	0	0	-1	104	3	-1	-1	-1	-1	-1	-1	-1	-1	-1	-1	-1
257	强震断金石（5级）升级	2	1	6005	1	0	0	-1	105	3	-1	-1	-1	-1	-1	-1	-1	-1	-1	-1	-1
258	强震断金石（6级）升级	2	1	6006	1	0	0	-1	106	3	-1	-1	-1	-1	-1	-1	-1	-1	-1	-1	-1
259	强震断金石（7级）升级	2	1	6007	1	0	0	-1	107	3	-1	-1	-1	-1	-1	-1	-1	-1	-1	-1	-1
260	强震断金石（8级）升级	2	1	6008	1	0	0	-1	108	3	-1	-1	-1	-1	-1	-1	-1	-1	-1	-1	-1
261	强震断金石（9级）升级	2	1	6009	1	0	0	-1	109	3	-1	-1	-1	-1	-1	-1	-1	-1	-1	-1	-1
262	摄心断金石（1级）升级	2	1	6101	1	0	0	-1	111	3	-1	-1	-1	-1	-1	-1	-1	-1	-1	-1	-1
263	摄心断金石（2级）升级	2	1	6102	1	0	0	-1	112	3	-1	-1	-1	-1	-1	-1	-1	-1	-1	-1	-1
264	摄心断金石（3级）升级	2	1	6103	1	0	0	-1	113	3	-1	-1	-1	-1	-1	-1	-1	-1	-1	-1	-1
265	摄心断金石（4级）升级	2	1	6104	1	0	0	-1	114	3	-1	-1	-1	-1	-1	-1	-1	-1	-1	-1	-1
266	摄心断金石（5级）升级	2	1	6105	1	0	0	-1	115	3	-1	-1	-1	-1	-1	-1	-1	-1	-1	-1	-1
267	摄心断金石（6级）升级	2	1	6106	1	0	0	-1	116	3	-1	-1	-1	-1	-1	-1	-1	-1	-1	-1	-1
268	摄心断金石（7级）升级	2	1	6107	1	0	0	-1	117	3	-1	-1	-1	-1	-1	-1	-1	-1	-1	-1	-1
269	摄心断金石（8级）升级	2	1	6108	1	0	0	-1	118	3	-1	-1	-1	-1	-1	-1	-1	-1	-1	-1	-1
270	摄心断金石（9级）升级	2	1	6109	1	0	0	-1	119	3	-1	-1	-1	-1	-1	-1	-1	-1	-1	-1	-1
271	御魂断金石（1级）升级	2	1	6201	1	0	0	-1	121	3	-1	-1	-1	-1	-1	-1	-1	-1	-1	-1	-1
272	御魂断金石（2级）升级	2	1	6202	1	0	0	-1	122	3	-1	-1	-1	-1	-1	-1	-1	-1	-1	-1	-1
273	御魂断金石（3级）升级	2	1	6203	1	0	0	-1	123	3	-1	-1	-1	-1	-1	-1	-1	-1	-1	-1	-1
274	御魂断金石（4级）升级	2	1	6204	1	0	0	-1	124	3	-1	-1	-1	-1	-1	-1	-1	-1	-1	-1	-1
275	御魂断金石（5级）升级	2	1	6205	1	0	0	-1	125	3	-1	-1	-1	-1	-1	-1	-1	-1	-1	-1	-1
276	御魂断金石（6级）升级	2	1	6206	1	0	0	-1	126	3	-1	-1	-1	-1	-1	-1	-1	-1	-1	-1	-1
277	御魂断金石（7级）升级	2	1	6207	1	0	0	-1	127	3	-1	-1	-1	-1	-1	-1	-1	-1	-1	-1	-1
278	御魂断金石（8级）升级	2	1	6208	1	0	0	-1	128	3	-1	-1	-1	-1	-1	-1	-1	-1	-1	-1	-1
279	御魂断金石（9级）升级	2	1	6209	1	0	0	-1	129	3	-1	-1	-1	-1	-1	-1	-1	-1	-1	-1	-1
280	万钧断金石（1级）升级	2	1	6301	1	0	0	-1	131	3	-1	-1	-1	-1	-1	-1	-1	-1	-1	-1	-1
281	万钧断金石（2级）升级	2	1	6302	1	0	0	-1	132	3	-1	-1	-1	-1	-1	-1	-1	-1	-1	-1	-1
282	万钧断金石（3级）升级	2	1	6303	1	0	0	-1	133	3	-1	-1	-1	-1	-1	-1	-1	-1	-1	-1	-1
283	万钧断金石（4级）升级	2	1	6304	1	0	0	-1	134	3	-1	-1	-1	-1	-1	-1	-1	-1	-1	-1	-1
284	万钧断金石（5级）升级	2	1	6305	1	0	0	-1	135	3	-1	-1	-1	-1	-1	-1	-1	-1	-1	-1	-1
285	万钧断金石（6级）升级	2	1	6306	1	0	0	-1	136	3	-1	-1	-1	-1	-1	-1	-1	-1	-1	-1	-1
286	万钧断金石（7级）升级	2	1	6307	1	0	0	-1	137	3	-1	-1	-1	-1	-1	-1	-1	-1	-1	-1	-1
287	万钧断金石（8级）升级	2	1	6308	1	0	0	-1	138	3	-1	-1	-1	-1	-1	-1	-1	-1	-1	-1	-1
288	万钧断金石（9级）升级	2	1	6309	1	0	0	-1	139	3	-1	-1	-1	-1	-1	-1	-1	-1	-1	-1	-1
289	强震金刚石（1级）升级	2	1	6401	1	0	0	-1	141	3	-1	-1	-1	-1	-1	-1	-1	-1	-1	-1	-1
290	强震金刚石（2级）升级	2	1	6402	1	0	0	-1	142	3	-1	-1	-1	-1	-1	-1	-1	-1	-1	-1	-1
291	强震金刚石（3级）升级	2	1	6403	1	0	0	-1	143	3	-1	-1	-1	-1	-1	-1	-1	-1	-1	-1	-1
292	强震金刚石（4级）升级	2	1	6404	1	0	0	-1	144	3	-1	-1	-1	-1	-1	-1	-1	-1	-1	-1	-1
293	强震金刚石（5级）升级	2	1	6405	1	0	0	-1	145	3	-1	-1	-1	-1	-1	-1	-1	-1	-1	-1	-1
294	强震金刚石（6级）升级	2	1	6406	1	0	0	-1	146	3	-1	-1	-1	-1	-1	-1	-1	-1	-1	-1	-1
295	强震金刚石（7级）升级	2	1	6407	1	0	0	-1	147	3	-1	-1	-1	-1	-1	-1	-1	-1	-1	-1	-1
296	强震金刚石（8级）升级	2	1	6408	1	0	0	-1	148	3	-1	-1	-1	-1	-1	-1	-1	-1	-1	-1	-1
297	强震金刚石（9级）升级	2	1	6409	1	0	0	-1	149	3	-1	-1	-1	-1	-1	-1	-1	-1	-1	-1	-1
298	摄心金刚石（1级）升级	2	1	6501	1	0	0	-1	151	3	-1	-1	-1	-1	-1	-1	-1	-1	-1	-1	-1
299	摄心金刚石（2级）升级	2	1	6502	1	0	0	-1	152	3	-1	-1	-1	-1	-1	-1	-1	-1	-1	-1	-1
300	摄心金刚石（3级）升级	2	1	6503	1	0	0	-1	153	3	-1	-1	-1	-1	-1	-1	-1	-1	-1	-1	-1
301	摄心金刚石（4级）升级	2	1	6504	1	0	0	-1	154	3	-1	-1	-1	-1	-1	-1	-1	-1	-1	-1	-1
302	摄心金刚石（5级）升级	2	1	6505	1	0	0	-1	155	3	-1	-1	-1	-1	-1	-1	-1	-1	-1	-1	-1
303	摄心金刚石（6级）升级	2	1	6506	1	0	0	-1	156	3	-1	-1	-1	-1	-1	-1	-1	-1	-1	-1	-1
304	摄心金刚石（7级）升级	2	1	6507	1	0	0	-1	157	3	-1	-1	-1	-1	-1	-1	-1	-1	-1	-1	-1
305	摄心金刚石（8级）升级	2	1	6508	1	0	0	-1	158	3	-1	-1	-1	-1	-1	-1	-1	-1	-1	-1	-1
306	摄心金刚石（9级）升级	2	1	6509	1	0	0	-1	159	3	-1	-1	-1	-1	-1	-1	-1	-1	-1	-1	-1
307	御魂金刚石（1级）升级	2	1	6601	1	0	0	-1	161	3	-1	-1	-1	-1	-1	-1	-1	-1	-1	-1	-1
308	御魂金刚石（2级）升级	2	1	6602	1	0	0	-1	162	3	-1	-1	-1	-1	-1	-1	-1	-1	-1	-1	-1
309	御魂金刚石（3级）升级	2	1	6603	1	0	0	-1	163	3	-1	-1	-1	-1	-1	-1	-1	-1	-1	-1	-1
310	御魂金刚石（4级）升级	2	1	6604	1	0	0	-1	164	3	-1	-1	-1	-1	-1	-1	-1	-1	-1	-1	-1
311	御魂金刚石（5级）升级	2	1	6605	1	0	0	-1	165	3	-1	-1	-1	-1	-1	-1	-1	-1	-1	-1	-1
312	御魂金刚石（6级）升级	2	1	6606	1	0	0	-1	166	3	-1	-1	-1	-1	-1	-1	-1	-1	-1	-1	-1
313	御魂金刚石（7级）升级	2	1	6607	1	0	0	-1	167	3	-1	-1	-1	-1	-1	-1	-1	-1	-1	-1	-1
314	御魂金刚石（8级）升级	2	1	6608	1	0	0	-1	168	3	-1	-1	-1	-1	-1	-1	-1	-1	-1	-1	-1
315	御魂金刚石（9级）升级	2	1	6609	1	0	0	-1	169	3	-1	-1	-1	-1	-1	-1	-1	-1	-1	-1	-1
316	万钧金刚石（1级）升级	2	1	6701	1	0	0	-1	171	3	-1	-1	-1	-1	-1	-1	-1	-1	-1	-1	-1
317	万钧金刚石（2级）升级	2	1	6702	1	0	0	-1	172	3	-1	-1	-1	-1	-1	-1	-1	-1	-1	-1	-1
318	万钧金刚石（3级）升级	2	1	6703	1	0	0	-1	173	3	-1	-1	-1	-1	-1	-1	-1	-1	-1	-1	-1
319	万钧金刚石（4级）升级	2	1	6704	1	0	0	-1	174	3	-1	-1	-1	-1	-1	-1	-1	-1	-1	-1	-1
320	万钧金刚石（5级）升级	2	1	6705	1	0	0	-1	175	3	-1	-1	-1	-1	-1	-1	-1	-1	-1	-1	-1
321	万钧金刚石（6级）升级	2	1	6706	1	0	0	-1	176	3	-1	-1	-1	-1	-1	-1	-1	-1	-1	-1	-1
322	万钧金刚石（7级）升级	2	1	6707	1	0	0	-1	177	3	-1	-1	-1	-1	-1	-1	-1	-1	-1	-1	-1
323	万钧金刚石（8级）升级	2	1	6708	1	0	0	-1	178	3	-1	-1	-1	-1	-1	-1	-1	-1	-1	-1	-1
324	万钧金刚石（9级）升级	2	1	6709	1	0	0	-1	179	3	-1	-1	-1	-1	-1	-1	-1	-1	-1	-1	-1
325	河阳志完整	-1	1	2107	1	0	1000	-1	182	1	183	1	184	1	185	1	-1	-1	-1	-1	-1
326	神鬼苍生图完整	-1	1	2116	1	0	1000	-1	186	1	187	1	188	1	189	1	-1	-1	-1	-1	-1
327	法宝烧火棍	-1	1	37028	1	0	1000	-1	190	1	191	1	192	1	-1	-1	-1	-1	-1	-1	17
328	真仙合成符[青云剑]	-1	1	43104	1	0	10000	-1	217	1	215	150	-1	-1	-1	-1	-1	-1	-1	-1	-1
329	真仙合成符[青云冠]	-1	1	43204	1	0	10000	-1	218	1	215	150	-1	-1	-1	-1	-1	-1	-1	-1	-1
330	真仙合成符[青云袍]	-1	1	43304	1	0	10000	-1	193	1	215	150	-1	-1	-1	-1	-1	-1	-1	-1	-1
331	真仙合成符[青云裤]	-1	1	43404	1	0	10000	-1	194	1	215	150	-1	-1	-1	-1	-1	-1	-1	-1	-1
332	真仙合成符[青云手]	-1	1	43504	1	0	10000	-1	195	1	215	150	-1	-1	-1	-1	-1	-1	-1	-1	-1
333	真仙合成符[青云履]	-1	1	43604	1	0	10000	-1	196	1	215	150	-1	-1	-1	-1	-1	-1	-1	-1	-1
334	真仙合成符[天音杖]	-1	1	53104	1	0	10000	-1	197	1	215	150	-1	-1	-1	-1	-1	-1	-1	-1	-1
335	真仙合成符[天音冠]	-1	1	53204	1	0	10000	-1	198	1	215	150	-1	-1	-1	-1	-1	-1	-1	-1	-1
336	真仙合成符[天音服]	-1	1	53304	1	0	10000	-1	199	1	215	150	-1	-1	-1	-1	-1	-1	-1	-1	-1
337	真仙合成符[天音裤]	-1	1	53404	1	0	10000	-1	200	1	215	150	-1	-1	-1	-1	-1	-1	-1	-1	-1
338	真仙合成符[天音手]	-1	1	53504	1	0	10000	-1	201	1	215	150	-1	-1	-1	-1	-1	-1	-1	-1	-1
339	真仙合成符[天音履]	-1	1	53604	1	0	10000	-1	202	1	215	150	-1	-1	-1	-1	-1	-1	-1	-1	-1
340	真仙合成符[鬼王刃]	-1	1	63104	1	0	10000	-1	203	1	215	150	-1	-1	-1	-1	-1	-1	-1	-1	-1
341	真仙合成符[鬼王冠]	-1	1	63204	1	0	10000	-1	204	1	215	150	-1	-1	-1	-1	-1	-1	-1	-1	-1
342	真仙合成符[鬼王甲]	-1	1	63304	1	0	10000	-1	205	1	215	150	-1	-1	-1	-1	-1	-1	-1	-1	-1
343	真仙合成符[鬼王裤]	-1	1	63404	1	0	10000	-1	206	1	215	150	-1	-1	-1	-1	-1	-1	-1	-1	-1
344	真仙合成符[鬼王手]	-1	1	63504	1	0	10000	-1	207	1	215	150	-1	-1	-1	-1	-1	-1	-1	-1	-1
345	真仙合成符[鬼王靴]	-1	1	63604	1	0	10000	-1	208	1	215	150	-1	-1	-1	-1	-1	-1	-1	-1	-1
346	真仙合成符[合欢环]	-1	1	73104	1	0	10000	-1	209	1	215	150	-1	-1	-1	-1	-1	-1	-1	-1	-1
347	真仙合成符[合欢冠]	-1	1	73204	1	0	10000	-1	210	1	215	150	-1	-1	-1	-1	-1	-1	-1	-1	-1
348	真仙合成符[合欢衫]	-1	1	73304	1	0	10000	-1	211	1	215	150	-1	-1	-1	-1	-1	-1	-1	-1	-1
349	真仙合成符[合欢裤]	-1	1	73404	1	0	10000	-1	212	1	215	150	-1	-1	-1	-1	-1	-1	-1	-1	-1
350	真仙合成符[合欢手]	-1	1	73504	1	0	10000	-1	213	1	215	150	-1	-1	-1	-1	-1	-1	-1	-1	-1
351	真仙合成符[合欢靴]	-1	1	73604	1	0	10000	-1	214	1	215	150	-1	-1	-1	-1	-1	-1	-1	-1	-1
352	元运断金石（1级）转化	3	0	1	1	0	0	-1	1	1	301	1	-1	-1	-1	-1	-1	-1	-1	-1	-1
353	元运断金石（2级）转化	3	0	2	1	0	0	-1	2	1	301	1	-1	-1	-1	-1	-1	-1	-1	-1	-1
354	元运断金石（3级）转化	3	0	3	1	0	0	-1	3	1	301	1	-1	-1	-1	-1	-1	-1	-1	-1	-1
355	元运断金石（4级）转化	3	0	4	1	0	0	-1	4	1	301	1	-1	-1	-1	-1	-1	-1	-1	-1	-1
356	元运断金石（5级）转化	3	0	5	1	0	0	-1	5	1	301	1	-1	-1	-1	-1	-1	-1	-1	-1	-1
357	元运断金石（6级）转化	3	0	6	1	0	0	-1	6	1	301	1	-1	-1	-1	-1	-1	-1	-1	-1	-1
358	元运断金石（7级）转化	3	0	7	1	0	0	-1	7	1	301	1	-1	-1	-1	-1	-1	-1	-1	-1	26
359	元运断金石（8级）转化	3	0	8	1	0	0	-1	8	1	301	1	-1	-1	-1	-1	-1	-1	-1	-1	26
360	元运断金石（9级）转化	3	0	9	1	0	0	-1	9	1	301	1	-1	-1	-1	-1	-1	-1	-1	-1	26
361	元运断金石（10级）转化	3	0	10	1	0	0	-1	10	1	301	1	-1	-1	-1	-1	-1	-1	-1	-1	26
362	醒神断金石（1级）转化	3	0	1	1	0	0	-1	11	1	301	1	-1	-1	-1	-1	-1	-1	-1	-1	-1
363	醒神断金石（2级）转化	3	0	2	1	0	0	-1	12	1	301	1	-1	-1	-1	-1	-1	-1	-1	-1	-1
364	醒神断金石（3级）转化	3	0	3	1	0	0	-1	13	1	301	1	-1	-1	-1	-1	-1	-1	-1	-1	-1
365	醒神断金石（4级）转化	3	0	4	1	0	0	-1	14	1	301	1	-1	-1	-1	-1	-1	-1	-1	-1	-1
366	醒神断金石（5级）转化	3	0	5	1	0	0	-1	15	1	301	1	-1	-1	-1	-1	-1	-1	-1	-1	-1
367	醒神断金石（6级）转化	3	0	6	1	0	0	-1	16	1	301	1	-1	-1	-1	-1	-1	-1	-1	-1	-1
368	醒神断金石（7级）转化	3	0	7	1	0	0	-1	17	1	301	1	-1	-1	-1	-1	-1	-1	-1	-1	26
369	醒神断金石（8级）转化	3	0	8	1	0	0	-1	18	1	301	1	-1	-1	-1	-1	-1	-1	-1	-1	26
370	醒神断金石（9级）转化	3	0	9	1	0	0	-1	19	1	301	1	-1	-1	-1	-1	-1	-1	-1	-1	26
371	醒神断金石（10级）转化	3	0	10	1	0	0	-1	20	1	301	1	-1	-1	-1	-1	-1	-1	-1	-1	26
372	培元断金石（1级）转化	3	0	1	1	0	0	-1	21	1	301	1	-1	-1	-1	-1	-1	-1	-1	-1	-1
373	培元断金石（2级）转化	3	0	2	1	0	0	-1	22	1	301	1	-1	-1	-1	-1	-1	-1	-1	-1	-1
374	培元断金石（3级）转化	3	0	3	1	0	0	-1	23	1	301	1	-1	-1	-1	-1	-1	-1	-1	-1	-1
375	培元断金石（4级）转化	3	0	4	1	0	0	-1	24	1	301	1	-1	-1	-1	-1	-1	-1	-1	-1	-1
376	培元断金石（5级）转化	3	0	5	1	0	0	-1	25	1	301	1	-1	-1	-1	-1	-1	-1	-1	-1	-1
377	培元断金石（6级）转化	3	0	6	1	0	0	-1	26	1	301	1	-1	-1	-1	-1	-1	-1	-1	-1	-1
378	培元断金石（7级）转化	3	0	7	1	0	0	-1	27	1	301	1	-1	-1	-1	-1	-1	-1	-1	-1	26
379	培元断金石（8级）转化	3	0	8	1	0	0	-1	28	1	301	1	-1	-1	-1	-1	-1	-1	-1	-1	26
380	培元断金石（9级）转化	3	0	9	1	0	0	-1	29	1	301	1	-1	-1	-1	-1	-1	-1	-1	-1	26
381	培元断金石（10级）转化	3	0	10	1	0	0	-1	30	1	301	1	-1	-1	-1	-1	-1	-1	-1	-1	26
382	混沌断金石（1级）转化	3	0	1	1	0	0	-1	31	1	301	1	-1	-1	-1	-1	-1	-1	-1	-1	-1
383	混沌断金石（2级）转化	3	0	2	1	0	0	-1	32	1	301	1	-1	-1	-1	-1	-1	-1	-1	-1	-1
384	混沌断金石（3级）转化	3	0	3	1	0	0	-1	33	1	301	1	-1	-1	-1	-1	-1	-1	-1	-1	-1
385	混沌断金石（4级）转化	3	0	4	1	0	0	-1	34	1	301	1	-1	-1	-1	-1	-1	-1	-1	-1	-1
386	混沌断金石（5级）转化	3	0	5	1	0	0	-1	35	1	301	1	-1	-1	-1	-1	-1	-1	-1	-1	-1
387	混沌断金石（6级）转化	3	0	6	1	0	0	-1	36	1	301	1	-1	-1	-1	-1	-1	-1	-1	-1	-1
388	混沌断金石（7级）转化	3	0	7	1	0	0	-1	37	1	301	1	-1	-1	-1	-1	-1	-1	-1	-1	26
389	混沌断金石（8级）转化	3	0	8	1	0	0	-1	38	1	301	1	-1	-1	-1	-1	-1	-1	-1	-1	26
390	混沌断金石（9级）转化	3	0	9	1	0	0	-1	39	1	301	1	-1	-1	-1	-1	-1	-1	-1	-1	26
391	混沌断金石（10级）转化	3	0	10	1	0	0	-1	40	1	301	1	-1	-1	-1	-1	-1	-1	-1	-1	26
392	夺魄断金石（1级）转化	3	0	1	1	0	0	-1	41	1	301	1	-1	-1	-1	-1	-1	-1	-1	-1	-1
393	夺魄断金石（2级）转化	3	0	2	1	0	0	-1	42	1	301	1	-1	-1	-1	-1	-1	-1	-1	-1	-1
394	夺魄断金石（3级）转化	3	0	3	1	0	0	-1	43	1	301	1	-1	-1	-1	-1	-1	-1	-1	-1	-1
395	夺魄断金石（4级）转化	3	0	4	1	0	0	-1	44	1	301	1	-1	-1	-1	-1	-1	-1	-1	-1	-1
396	夺魄断金石（5级）转化	3	0	5	1	0	0	-1	45	1	301	1	-1	-1	-1	-1	-1	-1	-1	-1	-1
397	夺魄断金石（6级）转化	3	0	6	1	0	0	-1	46	1	301	1	-1	-1	-1	-1	-1	-1	-1	-1	-1
398	夺魄断金石（7级）转化	3	0	7	1	0	0	-1	47	1	301	1	-1	-1	-1	-1	-1	-1	-1	-1	26
399	夺魄断金石（8级）转化	3	0	8	1	0	0	-1	48	1	301	1	-1	-1	-1	-1	-1	-1	-1	-1	26
400	夺魄断金石（9级）转化	3	0	9	1	0	0	-1	49	1	301	1	-1	-1	-1	-1	-1	-1	-1	-1	26
401	夺魄断金石（10级）转化	3	0	10	1	0	0	-1	50	1	301	1	-1	-1	-1	-1	-1	-1	-1	-1	26
402	渡劫金刚石（1级）转化	3	0	1	1	0	0	-1	51	1	301	1	-1	-1	-1	-1	-1	-1	-1	-1	-1
403	渡劫金刚石（2级）转化	3	0	2	1	0	0	-1	52	1	301	1	-1	-1	-1	-1	-1	-1	-1	-1	-1
404	渡劫金刚石（3级）转化	3	0	3	1	0	0	-1	53	1	301	1	-1	-1	-1	-1	-1	-1	-1	-1	-1
405	渡劫金刚石（4级）转化	3	0	4	1	0	0	-1	54	1	301	1	-1	-1	-1	-1	-1	-1	-1	-1	-1
406	渡劫金刚石（5级）转化	3	0	5	1	0	0	-1	55	1	301	1	-1	-1	-1	-1	-1	-1	-1	-1	-1
407	渡劫金刚石（6级）转化	3	0	6	1	0	0	-1	56	1	301	1	-1	-1	-1	-1	-1	-1	-1	-1	-1
408	渡劫金刚石（7级）转化	3	0	7	1	0	0	-1	57	1	301	1	-1	-1	-1	-1	-1	-1	-1	-1	26
409	渡劫金刚石（8级）转化	3	0	8	1	0	0	-1	58	1	301	1	-1	-1	-1	-1	-1	-1	-1	-1	26
410	渡劫金刚石（9级）转化	3	0	9	1	0	0	-1	59	1	301	1	-1	-1	-1	-1	-1	-1	-1	-1	26
411	渡劫金刚石（10级）转化	3	0	10	1	0	0	-1	60	1	301	1	-1	-1	-1	-1	-1	-1	-1	-1	26
412	三味金刚石（1级）转化	3	0	1	1	0	0	-1	61	1	301	1	-1	-1	-1	-1	-1	-1	-1	-1	-1
413	三味金刚石（2级）转化	3	0	2	1	0	0	-1	62	1	301	1	-1	-1	-1	-1	-1	-1	-1	-1	-1
414	三味金刚石（3级）转化	3	0	3	1	0	0	-1	63	1	301	1	-1	-1	-1	-1	-1	-1	-1	-1	-1
415	三味金刚石（4级）转化	3	0	4	1	0	0	-1	64	1	301	1	-1	-1	-1	-1	-1	-1	-1	-1	-1
416	三味金刚石（5级）转化	3	0	5	1	0	0	-1	65	1	301	1	-1	-1	-1	-1	-1	-1	-1	-1	-1
417	三味金刚石（6级）转化	3	0	6	1	0	0	-1	66	1	301	1	-1	-1	-1	-1	-1	-1	-1	-1	-1
418	三味金刚石（7级）转化	3	0	7	1	0	0	-1	67	1	301	1	-1	-1	-1	-1	-1	-1	-1	-1	26
419	三味金刚石（8级）转化	3	0	8	1	0	0	-1	68	1	301	1	-1	-1	-1	-1	-1	-1	-1	-1	26
420	三味金刚石（9级）转化	3	0	9	1	0	0	-1	69	1	301	1	-1	-1	-1	-1	-1	-1	-1	-1	26
421	三味金刚石（10级）转化	3	0	10	1	0	0	-1	70	1	301	1	-1	-1	-1	-1	-1	-1	-1	-1	26
422	神行金刚石（1级）转化	3	0	1	1	0	0	-1	71	1	301	1	-1	-1	-1	-1	-1	-1	-1	-1	-1
423	神行金刚石（2级）转化	3	0	2	1	0	0	-1	72	1	301	1	-1	-1	-1	-1	-1	-1	-1	-1	-1
424	神行金刚石（3级）转化	3	0	3	1	0	0	-1	73	1	301	1	-1	-1	-1	-1	-1	-1	-1	-1	-1
425	神行金刚石（4级）转化	3	0	4	1	0	0	-1	74	1	301	1	-1	-1	-1	-1	-1	-1	-1	-1	-1
426	神行金刚石（5级）转化	3	0	5	1	0	0	-1	75	1	301	1	-1	-1	-1	-1	-1	-1	-1	-1	-1
427	神行金刚石（6级）转化	3	0	6	1	0	0	-1	76	1	301	1	-1	-1	-1	-1	-1	-1	-1	-1	-1
428	神行金刚石（7级）转化	3	0	7	1	0	0	-1	77	1	301	1	-1	-1	-1	-1	-1	-1	-1	-1	26
429	神行金刚石（8级）转化	3	0	8	1	0	0	-1	78	1	301	1	-1	-1	-1	-1	-1	-1	-1	-1	26
430	神行金刚石（9级）转化	3	0	9	1	0	0	-1	79	1	301	1	-1	-1	-1	-1	-1	-1	-1	-1	26
431	神行金刚石（10级）转化	3	0	10	1	0	0	-1	80	1	301	1	-1	-1	-1	-1	-1	-1	-1	-1	26
432	天心金刚石（1级）转化	3	0	1	1	0	0	-1	81	1	301	1	-1	-1	-1	-1	-1	-1	-1	-1	-1
433	天心金刚石（2级）转化	3	0	2	1	0	0	-1	82	1	301	1	-1	-1	-1	-1	-1	-1	-1	-1	-1
434	天心金刚石（3级）转化	3	0	3	1	0	0	-1	83	1	301	1	-1	-1	-1	-1	-1	-1	-1	-1	-1
435	天心金刚石（4级）转化	3	0	4	1	0	0	-1	84	1	301	1	-1	-1	-1	-1	-1	-1	-1	-1	-1
436	天心金刚石（5级）转化	3	0	5	1	0	0	-1	85	1	301	1	-1	-1	-1	-1	-1	-1	-1	-1	-1
437	天心金刚石（6级）转化	3	0	6	1	0	0	-1	86	1	301	1	-1	-1	-1	-1	-1	-1	-1	-1	-1
438	天心金刚石（7级）转化	3	0	7	1	0	0	-1	87	1	301	1	-1	-1	-1	-1	-1	-1	-1	-1	26
439	天心金刚石（8级）转化	3	0	8	1	0	0	-1	88	1	301	1	-1	-1	-1	-1	-1	-1	-1	-1	26
440	天心金刚石（9级）转化	3	0	9	1	0	0	-1	89	1	301	1	-1	-1	-1	-1	-1	-1	-1	-1	26
441	天心金刚石（10级）转化	3	0	10	1	0	0	-1	90	1	301	1	-1	-1	-1	-1	-1	-1	-1	-1	26
442	避尘金刚石（1级）转化	3	0	1	1	0	0	-1	91	1	301	1	-1	-1	-1	-1	-1	-1	-1	-1	-1
443	避尘金刚石（2级）转化	3	0	2	1	0	0	-1	92	1	301	1	-1	-1	-1	-1	-1	-1	-1	-1	-1
444	避尘金刚石（3级）转化	3	0	3	1	0	0	-1	93	1	301	1	-1	-1	-1	-1	-1	-1	-1	-1	-1
445	避尘金刚石（4级）转化	3	0	4	1	0	0	-1	94	1	301	1	-1	-1	-1	-1	-1	-1	-1	-1	-1
446	避尘金刚石（5级）转化	3	0	5	1	0	0	-1	95	1	301	1	-1	-1	-1	-1	-1	-1	-1	-1	-1
447	避尘金刚石（6级）转化	3	0	6	1	0	0	-1	96	1	301	1	-1	-1	-1	-1	-1	-1	-1	-1	-1
448	避尘金刚石（7级）转化	3	0	7	1	0	0	-1	97	1	301	1	-1	-1	-1	-1	-1	-1	-1	-1	26
449	避尘金刚石（8级）转化	3	0	8	1	0	0	-1	98	1	301	1	-1	-1	-1	-1	-1	-1	-1	-1	26
450	避尘金刚石（9级）转化	3	0	9	1	0	0	-1	99	1	301	1	-1	-1	-1	-1	-1	-1	-1	-1	26
451	避尘金刚石（10级）转化	3	0	10	1	0	0	-1	100	1	301	1	-1	-1	-1	-1	-1	-1	-1	-1	26
452	强震断金石（1级）转化	3	0	1	1	0	0	-1	101	1	301	1	-1	-1	-1	-1	-1	-1	-1	-1	-1
453	强震断金石（2级）转化	3	0	2	1	0	0	-1	102	1	301	1	-1	-1	-1	-1	-1	-1	-1	-1	-1
454	强震断金石（3级）转化	3	0	3	1	0	0	-1	103	1	301	1	-1	-1	-1	-1	-1	-1	-1	-1	-1
455	强震断金石（4级）转化	3	0	4	1	0	0	-1	104	1	301	1	-1	-1	-1	-1	-1	-1	-1	-1	-1
456	强震断金石（5级）转化	3	0	5	1	0	0	-1	105	1	301	1	-1	-1	-1	-1	-1	-1	-1	-1	-1
457	强震断金石（6级）转化	3	0	6	1	0	0	-1	106	1	301	1	-1	-1	-1	-1	-1	-1	-1	-1	-1
458	强震断金石（7级）转化	3	0	7	1	0	0	-1	107	1	301	1	-1	-1	-1	-1	-1	-1	-1	-1	26
459	强震断金石（8级）转化	3	0	8	1	0	0	-1	108	1	301	1	-1	-1	-1	-1	-1	-1	-1	-1	26
460	强震断金石（9级）转化	3	0	9	1	0	0	-1	109	1	301	1	-1	-1	-1	-1	-1	-1	-1	-1	26
461	强震断金石（10级）转化	3	0	10	1	0	0	-1	110	1	301	1	-1	-1	-1	-1	-1	-1	-1	-1	26
462	摄心断金石（1级）转化	3	0	1	1	0	0	-1	111	1	301	1	-1	-1	-1	-1	-1	-1	-1	-1	-1
463	摄心断金石（2级）转化	3	0	2	1	0	0	-1	112	1	301	1	-1	-1	-1	-1	-1	-1	-1	-1	-1
464	摄心断金石（3级）转化	3	0	3	1	0	0	-1	113	1	301	1	-1	-1	-1	-1	-1	-1	-1	-1	-1
465	摄心断金石（4级）转化	3	0	4	1	0	0	-1	114	1	301	1	-1	-1	-1	-1	-1	-1	-1	-1	-1
466	摄心断金石（5级）转化	3	0	5	1	0	0	-1	115	1	301	1	-1	-1	-1	-1	-1	-1	-1	-1	-1
467	摄心断金石（6级）转化	3	0	6	1	0	0	-1	116	1	301	1	-1	-1	-1	-1	-1	-1	-1	-1	-1
468	摄心断金石（7级）转化	3	0	7	1	0	0	-1	117	1	301	1	-1	-1	-1	-1	-1	-1	-1	-1	26
469	摄心断金石（8级）转化	3	0	8	1	0	0	-1	118	1	301	1	-1	-1	-1	-1	-1	-1	-1	-1	26
470	摄心断金石（9级）转化	3	0	9	1	0	0	-1	119	1	301	1	-1	-1	-1	-1	-1	-1	-1	-1	26
471	摄心断金石（10级）转化	3	0	10	1	0	0	-1	120	1	301	1	-1	-1	-1	-1	-1	-1	-1	-1	26
472	御魂断金石（1级）转化	3	0	1	1	0	0	-1	121	1	301	1	-1	-1	-1	-1	-1	-1	-1	-1	-1
473	御魂断金石（2级）转化	3	0	2	1	0	0	-1	122	1	301	1	-1	-1	-1	-1	-1	-1	-1	-1	-1
474	御魂断金石（3级）转化	3	0	3	1	0	0	-1	123	1	301	1	-1	-1	-1	-1	-1	-1	-1	-1	-1
475	御魂断金石（4级）转化	3	0	4	1	0	0	-1	124	1	301	1	-1	-1	-1	-1	-1	-1	-1	-1	-1
476	御魂断金石（5级）转化	3	0	5	1	0	0	-1	125	1	301	1	-1	-1	-1	-1	-1	-1	-1	-1	-1
477	御魂断金石（6级）转化	3	0	6	1	0	0	-1	126	1	301	1	-1	-1	-1	-1	-1	-1	-1	-1	-1
478	御魂断金石（7级）转化	3	0	7	1	0	0	-1	127	1	301	1	-1	-1	-1	-1	-1	-1	-1	-1	26
479	御魂断金石（8级）转化	3	0	8	1	0	0	-1	128	1	301	1	-1	-1	-1	-1	-1	-1	-1	-1	26
480	御魂断金石（9级）转化	3	0	9	1	0	0	-1	129	1	301	1	-1	-1	-1	-1	-1	-1	-1	-1	26
481	御魂断金石（10级）转化	3	0	10	1	0	0	-1	130	1	301	1	-1	-1	-1	-1	-1	-1	-1	-1	26
482	万钧断金石（1级）转化	3	0	1	1	0	0	-1	131	1	301	1	-1	-1	-1	-1	-1	-1	-1	-1	-1
483	万钧断金石（2级）转化	3	0	2	1	0	0	-1	132	1	301	1	-1	-1	-1	-1	-1	-1	-1	-1	-1
484	万钧断金石（3级）转化	3	0	3	1	0	0	-1	133	1	301	1	-1	-1	-1	-1	-1	-1	-1	-1	-1
485	万钧断金石（4级）转化	3	0	4	1	0	0	-1	134	1	301	1	-1	-1	-1	-1	-1	-1	-1	-1	-1
486	万钧断金石（5级）转化	3	0	5	1	0	0	-1	135	1	301	1	-1	-1	-1	-1	-1	-1	-1	-1	-1
487	万钧断金石（6级）转化	3	0	6	1	0	0	-1	136	1	301	1	-1	-1	-1	-1	-1	-1	-1	-1	-1
488	万钧断金石（7级）转化	3	0	7	1	0	0	-1	137	1	301	1	-1	-1	-1	-1	-1	-1	-1	-1	26
489	万钧断金石（8级）转化	3	0	8	1	0	0	-1	138	1	301	1	-1	-1	-1	-1	-1	-1	-1	-1	26
490	万钧断金石（9级）转化	3	0	9	1	0	0	-1	139	1	301	1	-1	-1	-1	-1	-1	-1	-1	-1	26
491	万钧断金石（10级）转化	3	0	10	1	0	0	-1	140	1	301	1	-1	-1	-1	-1	-1	-1	-1	-1	26
492	强震金刚石（1级）转化	3	0	1	1	0	0	-1	141	1	301	1	-1	-1	-1	-1	-1	-1	-1	-1	-1
493	强震金刚石（2级）转化	3	0	2	1	0	0	-1	142	1	301	1	-1	-1	-1	-1	-1	-1	-1	-1	-1
494	强震金刚石（3级）转化	3	0	3	1	0	0	-1	143	1	301	1	-1	-1	-1	-1	-1	-1	-1	-1	-1
495	强震金刚石（4级）转化	3	0	4	1	0	0	-1	144	1	301	1	-1	-1	-1	-1	-1	-1	-1	-1	-1
496	强震金刚石（5级）转化	3	0	5	1	0	0	-1	145	1	301	1	-1	-1	-1	-1	-1	-1	-1	-1	-1
497	强震金刚石（6级）转化	3	0	6	1	0	0	-1	146	1	301	1	-1	-1	-1	-1	-1	-1	-1	-1	-1
498	强震金刚石（7级）转化	3	0	7	1	0	0	-1	147	1	301	1	-1	-1	-1	-1	-1	-1	-1	-1	26
499	强震金刚石（8级）转化	3	0	8	1	0	0	-1	148	1	301	1	-1	-1	-1	-1	-1	-1	-1	-1	26
500	强震金刚石（9级）转化	3	0	9	1	0	0	-1	149	1	301	1	-1	-1	-1	-1	-1	-1	-1	-1	26
501	强震金刚石（10级）转化	3	0	10	1	0	0	-1	150	1	301	1	-1	-1	-1	-1	-1	-1	-1	-1	26
502	摄心金刚石（1级）转化	3	0	1	1	0	0	-1	151	1	301	1	-1	-1	-1	-1	-1	-1	-1	-1	-1
503	摄心金刚石（2级）转化	3	0	2	1	0	0	-1	152	1	301	1	-1	-1	-1	-1	-1	-1	-1	-1	-1
504	摄心金刚石（3级）转化	3	0	3	1	0	0	-1	153	1	301	1	-1	-1	-1	-1	-1	-1	-1	-1	-1
505	摄心金刚石（4级）转化	3	0	4	1	0	0	-1	154	1	301	1	-1	-1	-1	-1	-1	-1	-1	-1	-1
506	摄心金刚石（5级）转化	3	0	5	1	0	0	-1	155	1	301	1	-1	-1	-1	-1	-1	-1	-1	-1	-1
507	摄心金刚石（6级）转化	3	0	6	1	0	0	-1	156	1	301	1	-1	-1	-1	-1	-1	-1	-1	-1	-1
508	摄心金刚石（7级）转化	3	0	7	1	0	0	-1	157	1	301	1	-1	-1	-1	-1	-1	-1	-1	-1	26
509	摄心金刚石（8级）转化	3	0	8	1	0	0	-1	158	1	301	1	-1	-1	-1	-1	-1	-1	-1	-1	26
510	摄心金刚石（9级）转化	3	0	9	1	0	0	-1	159	1	301	1	-1	-1	-1	-1	-1	-1	-1	-1	26
511	摄心金刚石（10级）转化	3	0	10	1	0	0	-1	160	1	301	1	-1	-1	-1	-1	-1	-1	-1	-1	26
512	御魂金刚石（1级）转化	3	0	1	1	0	0	-1	161	1	301	1	-1	-1	-1	-1	-1	-1	-1	-1	-1
513	御魂金刚石（2级）转化	3	0	2	1	0	0	-1	162	1	301	1	-1	-1	-1	-1	-1	-1	-1	-1	-1
514	御魂金刚石（3级）转化	3	0	3	1	0	0	-1	163	1	301	1	-1	-1	-1	-1	-1	-1	-1	-1	-1
515	御魂金刚石（4级）转化	3	0	4	1	0	0	-1	164	1	301	1	-1	-1	-1	-1	-1	-1	-1	-1	-1
516	御魂金刚石（5级）转化	3	0	5	1	0	0	-1	165	1	301	1	-1	-1	-1	-1	-1	-1	-1	-1	-1
517	御魂金刚石（6级）转化	3	0	6	1	0	0	-1	166	1	301	1	-1	-1	-1	-1	-1	-1	-1	-1	-1
518	御魂金刚石（7级）转化	3	0	7	1	0	0	-1	167	1	301	1	-1	-1	-1	-1	-1	-1	-1	-1	26
519	御魂金刚石（8级）转化	3	0	8	1	0	0	-1	168	1	301	1	-1	-1	-1	-1	-1	-1	-1	-1	26
520	御魂金刚石（9级）转化	3	0	9	1	0	0	-1	169	1	301	1	-1	-1	-1	-1	-1	-1	-1	-1	26
521	御魂金刚石（10级）转化	3	0	10	1	0	0	-1	170	1	301	1	-1	-1	-1	-1	-1	-1	-1	-1	26
522	万钧金刚石（1级）转化	3	0	1	1	0	0	-1	171	1	301	1	-1	-1	-1	-1	-1	-1	-1	-1	-1
523	万钧金刚石（2级）转化	3	0	2	1	0	0	-1	172	1	301	1	-1	-1	-1	-1	-1	-1	-1	-1	-1
524	万钧金刚石（3级）转化	3	0	3	1	0	0	-1	173	1	301	1	-1	-1	-1	-1	-1	-1	-1	-1	-1
525	万钧金刚石（4级）转化	3	0	4	1	0	0	-1	174	1	301	1	-1	-1	-1	-1	-1	-1	-1	-1	-1
526	万钧金刚石（5级）转化	3	0	5	1	0	0	-1	175	1	301	1	-1	-1	-1	-1	-1	-1	-1	-1	-1
527	万钧金刚石（6级）转化	3	0	6	1	0	0	-1	176	1	301	1	-1	-1	-1	-1	-1	-1	-1	-1	-1
528	万钧金刚石（7级）转化	3	0	7	1	0	0	-1	177	1	301	1	-1	-1	-1	-1	-1	-1	-1	-1	26
529	万钧金刚石（8级）转化	3	0	8	1	0	0	-1	178	1	301	1	-1	-1	-1	-1	-1	-1	-1	-1	26
530	万钧金刚石（9级）转化	3	0	9	1	0	0	-1	179	1	301	1	-1	-1	-1	-1	-1	-1	-1	-1	26
531	万钧金刚石（10级）转化	3	0	10	1	0	0	-1	180	1	301	1	-1	-1	-1	-1	-1	-1	-1	-1	26
532	益血符转化	-1	0	20	1	0	0	-1	250	1	300	1	-1	-1	-1	-1	-1	-1	-1	-1	-1
533	真气符转化	-1	0	20	1	0	0	-1	251	1	300	1	-1	-1	-1	-1	-1	-1	-1	-1	-1
534	利矛符转化	-1	0	20	1	0	0	-1	252	1	300	1	-1	-1	-1	-1	-1	-1	-1	-1	-1
535	坚盾符转化	-1	0	20	1	0	0	-1	253	1	300	1	-1	-1	-1	-1	-1	-1	-1	-1	-1
536	缥缈符转化	-1	0	20	1	0	0	-1	254	1	300	1	-1	-1	-1	-1	-1	-1	-1	-1	-1
537	鹰眼符转化	-1	0	20	1	0	0	-1	255	1	300	1	-1	-1	-1	-1	-1	-1	-1	-1	-1
538	虎翼符转化	-1	0	20	1	0	0	-1	256	1	300	1	-1	-1	-1	-1	-1	-1	-1	-1	-1
539	龟甲符转化	-1	0	20	1	0	0	-1	257	1	300	1	-1	-1	-1	-1	-1	-1	-1	-1	-1
540	凤羽符转化	-1	0	20	1	0	0	-1	258	1	300	1	-1	-1	-1	-1	-1	-1	-1	-1	-1
541	龙鳞符转化	-1	0	20	1	0	0	-1	259	1	300	1	-1	-1	-1	-1	-1	-1	-1	-1	-1
542	极品益血符转化	-1	0	21	1	0	0	-1	260	1	300	1	-1	-1	-1	-1	-1	-1	-1	-1	-1
543	极品真气符转化	-1	0	21	1	0	0	-1	261	1	300	1	-1	-1	-1	-1	-1	-1	-1	-1	-1
544	极品利矛符转化	-1	0	21	1	0	0	-1	262	1	300	1	-1	-1	-1	-1	-1	-1	-1	-1	-1
545	极品坚盾符转化	-1	0	21	1	0	0	-1	263	1	300	1	-1	-1	-1	-1	-1	-1	-1	-1	-1
546	极品缥缈符转化	-1	0	21	1	0	0	-1	264	1	300	1	-1	-1	-1	-1	-1	-1	-1	-1	-1
547	极品鹰眼符转化	-1	0	21	1	0	0	-1	265	1	300	1	-1	-1	-1	-1	-1	-1	-1	-1	-1
548	极品虎翼符转化	-1	0	21	1	0	0	-1	266	1	300	1	-1	-1	-1	-1	-1	-1	-1	-1	-1
549	极品龟甲符转化	-1	0	21	1	0	0	-1	267	1	300	1	-1	-1	-1	-1	-1	-1	-1	-1	-1
550	极品凤羽符转化	-1	0	21	1	0	0	-1	268	1	300	1	-1	-1	-1	-1	-1	-1	-1	-1	-1
551	极品龙鳞符转化	-1	0	21	1	0	0	-1	269	1	300	1	-1	-1	-1	-1	-1	-1	-1	-1	-1
552	神品益血符转化	-1	0	22	1	0	0	-1	270	1	300	1	-1	-1	-1	-1	-1	-1	-1	-1	-1
553	神品真气符转化	-1	0	22	1	0	0	-1	271	1	300	1	-1	-1	-1	-1	-1	-1	-1	-1	-1
554	神品利矛符转化	-1	0	22	1	0	0	-1	272	1	300	1	-1	-1	-1	-1	-1	-1	-1	-1	-1
555	神品坚盾符转化	-1	0	22	1	0	0	-1	273	1	300	1	-1	-1	-1	-1	-1	-1	-1	-1	-1
556	神品缥缈符转化	-1	0	22	1	0	0	-1	274	1	300	1	-1	-1	-1	-1	-1	-1	-1	-1	-1
557	神品鹰眼符转化	-1	0	22	1	0	0	-1	275	1	300	1	-1	-1	-1	-1	-1	-1	-1	-1	-1
558	神品虎翼符转化	-1	0	22	1	0	0	-1	276	1	300	1	-1	-1	-1	-1	-1	-1	-1	-1	-1
559	神品龟甲符转化	-1	0	22	1	0	0	-1	277	1	300	1	-1	-1	-1	-1	-1	-1	-1	-1	-1
560	神品凤羽符转化	-1	0	22	1	0	0	-1	278	1	300	1	-1	-1	-1	-1	-1	-1	-1	-1	-1
561	神品龙鳞符转化	-1	0	22	1	0	0	-1	279	1	300	1	-1	-1	-1	-1	-1	-1	-1	-1	-1
562	噬血珠碎片	-1	1	37026	1	0	0	-1	302	100	-1	-1	-1	-1	-1	-1	-1	-1	-1	-1	-1
563	摄魂碎片	-1	1	37027	1	0	0	-1	303	100	-1	-1	-1	-1	-1	-1	-1	-1	-1	-1	-1
564	元运断金石（神级）降级	1	1	5009	3	0	1100	-1	400	1	181	1	-1	-1	-1	-1	-1	-1	-1	-1	-1
565	元运断金石（12级）降级	1	1	5010	3	0	1200	-1	401	1	181	1	-1	-1	-1	-1	-1	-1	-1	-1	-1
566	醒神断金石（神级）降级	1	1	5109	3	0	1100	-1	410	1	181	1	-1	-1	-1	-1	-1	-1	-1	-1	-1
567	醒神断金石（12级）降级	1	1	5110	3	0	1200	-1	411	1	181	1	-1	-1	-1	-1	-1	-1	-1	-1	-1
568	培元断金石（神级）降级	1	1	5209	3	0	1100	-1	420	1	181	1	-1	-1	-1	-1	-1	-1	-1	-1	-1
569	培元断金石（12级）降级	1	1	5210	3	0	1200	-1	421	1	181	1	-1	-1	-1	-1	-1	-1	-1	-1	-1
570	混沌断金石（神级）降级	1	1	5309	3	0	1100	-1	430	1	181	1	-1	-1	-1	-1	-1	-1	-1	-1	-1
571	混沌断金石（12级）降级	1	1	5310	3	0	1200	-1	431	1	181	1	-1	-1	-1	-1	-1	-1	-1	-1	-1
572	夺魄断金石（神级）降级	1	1	5409	3	0	1100	-1	440	1	181	1	-1	-1	-1	-1	-1	-1	-1	-1	-1
573	夺魄断金石（12级）降级	1	1	5410	3	0	1200	-1	441	1	181	1	-1	-1	-1	-1	-1	-1	-1	-1	-1
574	渡劫金刚石（神级）降级	1	1	5509	3	0	1100	-1	450	1	181	1	-1	-1	-1	-1	-1	-1	-1	-1	-1
575	渡劫金刚石（12级）降级	1	1	5510	3	0	1200	-1	451	1	181	1	-1	-1	-1	-1	-1	-1	-1	-1	-1
576	三味金刚石（神级）降级	1	1	5609	3	0	1100	-1	460	1	181	1	-1	-1	-1	-1	-1	-1	-1	-1	-1
577	三味金刚石（12级）降级	1	1	5610	3	0	1200	-1	461	1	181	1	-1	-1	-1	-1	-1	-1	-1	-1	-1
578	神行金刚石（神级）降级	1	1	5709	3	0	1100	-1	470	1	181	1	-1	-1	-1	-1	-1	-1	-1	-1	-1
579	神行金刚石（12级）降级	1	1	5710	3	0	1200	-1	471	1	181	1	-1	-1	-1	-1	-1	-1	-1	-1	-1
580	天心金刚石（神级）降级	1	1	5809	3	0	1100	-1	480	1	181	1	-1	-1	-1	-1	-1	-1	-1	-1	-1
581	天心金刚石（12级）降级	1	1	5810	3	0	1200	-1	481	1	181	1	-1	-1	-1	-1	-1	-1	-1	-1	-1
582	避尘金刚石（神级）降级	1	1	5909	3	0	1100	-1	490	1	181	1	-1	-1	-1	-1	-1	-1	-1	-1	-1
583	避尘金刚石（12级）降级	1	1	5910	3	0	1200	-1	491	1	181	1	-1	-1	-1	-1	-1	-1	-1	-1	-1
584	强震断金石（神级）降级	1	1	6009	3	0	1100	-1	500	1	181	1	-1	-1	-1	-1	-1	-1	-1	-1	-1
585	强震断金石（12级）降级	1	1	6010	3	0	1200	-1	501	1	181	1	-1	-1	-1	-1	-1	-1	-1	-1	-1
586	摄心断金石（神级）降级	1	1	6109	3	0	1100	-1	510	1	181	1	-1	-1	-1	-1	-1	-1	-1	-1	-1
587	摄心断金石（12级）降级	1	1	6110	3	0	1200	-1	511	1	181	1	-1	-1	-1	-1	-1	-1	-1	-1	-1
588	御魂断金石（神级）降级	1	1	6209	3	0	1100	-1	520	1	181	1	-1	-1	-1	-1	-1	-1	-1	-1	-1
589	御魂断金石（12级）降级	1	1	6210	3	0	1200	-1	521	1	181	1	-1	-1	-1	-1	-1	-1	-1	-1	-1
590	万钧断金石（神级）降级	1	1	6309	3	0	1100	-1	530	1	181	1	-1	-1	-1	-1	-1	-1	-1	-1	-1
591	万钧断金石（12级）降级	1	1	6310	3	0	1200	-1	531	1	181	1	-1	-1	-1	-1	-1	-1	-1	-1	-1
592	强震金刚石（神级）降级	1	1	6409	3	0	1100	-1	540	1	181	1	-1	-1	-1	-1	-1	-1	-1	-1	-1
593	强震金刚石（12级）降级	1	1	6410	3	0	1200	-1	541	1	181	1	-1	-1	-1	-1	-1	-1	-1	-1	-1
594	摄心金刚石（神级）降级	1	1	6509	3	0	1100	-1	550	1	181	1	-1	-1	-1	-1	-1	-1	-1	-1	-1
595	摄心金刚石（12级）降级	1	1	6510	3	0	1200	-1	551	1	181	1	-1	-1	-1	-1	-1	-1	-1	-1	-1
596	御魂金刚石（神级）降级	1	1	6609	3	0	1100	-1	560	1	181	1	-1	-1	-1	-1	-1	-1	-1	-1	-1
597	御魂金刚石（12级）降级	1	1	6610	3	0	1200	-1	561	1	181	1	-1	-1	-1	-1	-1	-1	-1	-1	-1
598	万钧金刚石（神级）降级	1	1	6709	3	0	1100	-1	570	1	181	1	-1	-1	-1	-1	-1	-1	-1	-1	-1
599	万钧金刚石（12级）降级	1	1	6710	3	0	1200	-1	571	1	181	1	-1	-1	-1	-1	-1	-1	-1	-1	-1
600	元运断金石（10级）升级	2	1	5010	1	0	0	-1	10	3	-1	-1	-1	-1	-1	-1	-1	-1	-1	-1	-1
601	醒神断金石（10级）升级	2	1	5110	1	0	0	-1	20	3	-1	-1	-1	-1	-1	-1	-1	-1	-1	-1	-1
602	培元断金石（10级）升级	2	1	5210	1	0	0	-1	30	3	-1	-1	-1	-1	-1	-1	-1	-1	-1	-1	-1
603	混沌断金石（10级）升级	2	1	5310	1	0	0	-1	40	3	-1	-1	-1	-1	-1	-1	-1	-1	-1	-1	-1
604	夺魄断金石（10级）升级	2	1	5410	1	0	0	-1	50	3	-1	-1	-1	-1	-1	-1	-1	-1	-1	-1	-1
605	渡劫金刚石（10级）升级	2	1	5510	1	0	0	-1	60	3	-1	-1	-1	-1	-1	-1	-1	-1	-1	-1	-1
606	三味金刚石（10级）升级	2	1	5610	1	0	0	-1	70	3	-1	-1	-1	-1	-1	-1	-1	-1	-1	-1	-1
607	神行金刚石（10级）升级	2	1	5710	1	0	0	-1	80	3	-1	-1	-1	-1	-1	-1	-1	-1	-1	-1	-1
608	天心金刚石（10级）升级	2	1	5810	1	0	0	-1	90	3	-1	-1	-1	-1	-1	-1	-1	-1	-1	-1	-1
609	避尘金刚石（10级）升级	2	1	5910	1	0	0	-1	100	3	-1	-1	-1	-1	-1	-1	-1	-1	-1	-1	-1
610	强震断金石（10级）升级	2	1	6010	1	0	0	-1	110	3	-1	-1	-1	-1	-1	-1	-1	-1	-1	-1	-1
611	摄心断金石（10级）升级	2	1	6110	1	0	0	-1	120	3	-1	-1	-1	-1	-1	-1	-1	-1	-1	-1	-1
612	御魂断金石（10级）升级	2	1	6210	1	0	0	-1	130	3	-1	-1	-1	-1	-1	-1	-1	-1	-1	-1	-1
613	万钧断金石（10级）升级	2	1	6310	1	0	0	-1	140	3	-1	-1	-1	-1	-1	-1	-1	-1	-1	-1	-1
614	强震金刚石（10级）升级	2	1	6410	1	0	0	-1	150	3	-1	-1	-1	-1	-1	-1	-1	-1	-1	-1	-1
615	摄心金刚石（10级）升级	2	1	6510	1	0	0	-1	160	3	-1	-1	-1	-1	-1	-1	-1	-1	-1	-1	-1
616	御魂金刚石（10级）升级	2	1	6610	1	0	0	-1	170	3	-1	-1	-1	-1	-1	-1	-1	-1	-1	-1	-1
617	万钧金刚石（10级）升级	2	1	6710	1	0	0	-1	180	3	-1	-1	-1	-1	-1	-1	-1	-1	-1	-1	-1
618	元运断金石（神级）转化	3	0	11	1	0	0	-1	400	1	301	1	-1	-1	-1	-1	-1	-1	-1	-1	26
619	醒神断金石（神级）转化	3	0	11	1	0	0	-1	410	1	301	1	-1	-1	-1	-1	-1	-1	-1	-1	26
620	培元断金石（神级）转化	3	0	11	1	0	0	-1	420	1	301	1	-1	-1	-1	-1	-1	-1	-1	-1	26
621	混沌断金石（神级）转化	3	0	11	1	0	0	-1	430	1	301	1	-1	-1	-1	-1	-1	-1	-1	-1	26
622	夺魄断金石（神级）转化	3	0	11	1	0	0	-1	440	1	301	1	-1	-1	-1	-1	-1	-1	-1	-1	26
623	渡劫金刚石（神级）转化	3	0	11	1	0	0	-1	450	1	301	1	-1	-1	-1	-1	-1	-1	-1	-1	26
624	三味金刚石（神级）转化	3	0	11	1	0	0	-1	460	1	301	1	-1	-1	-1	-1	-1	-1	-1	-1	26
625	神行金刚石（神级）转化	3	0	11	1	0	0	-1	470	1	301	1	-1	-1	-1	-1	-1	-1	-1	-1	26
626	天心金刚石（神级）转化	3	0	11	1	0	0	-1	480	1	301	1	-1	-1	-1	-1	-1	-1	-1	-1	26
627	避尘金刚石（神级）转化	3	0	11	1	0	0	-1	490	1	301	1	-1	-1	-1	-1	-1	-1	-1	-1	26
628	强震断金石（神级）转化	3	0	11	1	0	0	-1	500	1	301	1	-1	-1	-1	-1	-1	-1	-1	-1	26
629	摄心断金石（神级）转化	3	0	11	1	0	0	-1	510	1	301	1	-1	-1	-1	-1	-1	-1	-1	-1	26
630	御魂断金石（神级）转化	3	0	11	1	0	0	-1	520	1	301	1	-1	-1	-1	-1	-1	-1	-1	-1	26
631	万钧断金石（神级）转化	3	0	11	1	0	0	-1	530	1	301	1	-1	-1	-1	-1	-1	-1	-1	-1	26
632	强震金刚石（神级）转化	3	0	11	1	0	0	-1	540	1	301	1	-1	-1	-1	-1	-1	-1	-1	-1	26
633	摄心金刚石（神级）转化	3	0	11	1	0	0	-1	550	1	301	1	-1	-1	-1	-1	-1	-1	-1	-1	26
634	御魂金刚石（神级）转化	3	0	11	1	0	0	-1	560	1	301	1	-1	-1	-1	-1	-1	-1	-1	-1	26
635	万钧金刚石（神级）转化	3	0	11	1	0	0	-1	570	1	301	1	-1	-1	-1	-1	-1	-1	-1	-1	26
636	师父的关怀	-1	1	2200	1	0	0	-1	580	4	-1	-1	-1	-1	-1	-1	-1	-1	-1	-1	-1
637	益血符升级	-1	1	3320	1	0	0	-1	250	5	-1	-1	-1	-1	-1	-1	-1	-1	-1	-1	-1
638	极品益血符升级	-1	1	3340	1	0	0	-1	260	5	-1	-1	-1	-1	-1	-1	-1	-1	-1	-1	-1
639	真气符升级	-1	1	3321	1	0	0	-1	251	5	-1	-1	-1	-1	-1	-1	-1	-1	-1	-1	-1
640	极品真气符升级	-1	1	3341	1	0	0	-1	261	5	-1	-1	-1	-1	-1	-1	-1	-1	-1	-1	-1
641	利矛符升级	-1	1	3322	1	0	0	-1	252	5	-1	-1	-1	-1	-1	-1	-1	-1	-1	-1	-1
642	极品利矛符升级	-1	1	3342	1	0	0	-1	262	5	-1	-1	-1	-1	-1	-1	-1	-1	-1	-1	-1
643	坚盾符升级	-1	1	3323	1	0	0	-1	253	5	-1	-1	-1	-1	-1	-1	-1	-1	-1	-1	-1
644	极品坚盾符升级	-1	1	3343	1	0	0	-1	263	5	-1	-1	-1	-1	-1	-1	-1	-1	-1	-1	-1
645	缥缈符升级	-1	1	3324	1	0	0	-1	254	5	-1	-1	-1	-1	-1	-1	-1	-1	-1	-1	-1
646	极品缥缈符升级	-1	1	3344	1	0	0	-1	264	5	-1	-1	-1	-1	-1	-1	-1	-1	-1	-1	-1
647	鹰眼符升级	-1	1	3325	1	0	0	-1	255	5	-1	-1	-1	-1	-1	-1	-1	-1	-1	-1	-1
648	极品鹰眼符升级	-1	1	3345	1	0	0	-1	265	5	-1	-1	-1	-1	-1	-1	-1	-1	-1	-1	-1
649	虎翼符升级	-1	1	3326	1	0	0	-1	256	5	-1	-1	-1	-1	-1	-1	-1	-1	-1	-1	-1
650	极品虎翼符升级	-1	1	3346	1	0	0	-1	266	5	-1	-1	-1	-1	-1	-1	-1	-1	-1	-1	-1
651	龟甲符升级	-1	1	3327	1	0	0	-1	257	5	-1	-1	-1	-1	-1	-1	-1	-1	-1	-1	-1
652	极品龟甲符升级	-1	1	3347	1	0	0	-1	267	5	-1	-1	-1	-1	-1	-1	-1	-1	-1	-1	-1
653	凤羽符升级	-1	1	3328	1	0	0	-1	258	5	-1	-1	-1	-1	-1	-1	-1	-1	-1	-1	-1
654	极品凤羽符升级	-1	1	3348	1	0	0	-1	268	5	-1	-1	-1	-1	-1	-1	-1	-1	-1	-1	-1
655	龙鳞符升级	-1	1	3329	1	0	0	-1	259	5	-1	-1	-1	-1	-1	-1	-1	-1	-1	-1	-1
656	极品龙鳞符升级	-1	1	3349	1	0	0	-1	269	5	-1	-1	-1	-1	-1	-1	-1	-1	-1	-1	-1
668	八卦石·豪血	-1	0	23	1	0	0	-1	700	1	706	1	-1	-1	-1	-1	-1	-1	-1	-1	-1
669	八卦石·紫薇	-1	0	23	1	0	0	-1	701	1	706	1	-1	-1	-1	-1	-1	-1	-1	-1	-1
670	八卦石·八凶	-1	0	23	1	0	0	-1	702	1	706	1	-1	-1	-1	-1	-1	-1	-1	-1	-1
671	八卦石·黄道	-1	0	23	1	0	0	-1	703	1	706	1	-1	-1	-1	-1	-1	-1	-1	-1	-1
672	八卦石·魔煞	-1	0	23	1	0	0	-1	704	1	706	1	-1	-1	-1	-1	-1	-1	-1	-1	-1
673	八卦石·万通	-1	0	23	1	0	0	-1	705	1	706	1	-1	-1	-1	-1	-1	-1	-1	-1	-1
674	真仙(1）拆解	-1	1	4212	1	0	1000	-1	801	1	-1	-1	-1	-1	-1	-1	-1	-1	-1	-1	-1
675	真仙(20）拆解	-1	1	4212	150	0	1000	-1	802	1	-1	-1	-1	-1	-1	-1	-1	-1	-1	-1	-1
676	真仙(40）拆解	-1	1	4212	240	0	1000	-1	803	1	-1	-1	-1	-1	-1	-1	-1	-1	-1	-1	-1
677	真仙(70）拆解	-1	1	4212	360	0	1000	-1	804	1	-1	-1	-1	-1	-1	-1	-1	-1	-1	-1	-1
678	真仙(100）拆解	-1	1	4212	540	0	1000	-1	805	1	-1	-1	-1	-1	-1	-1	-1	-1	-1	-1	-1
679	真仙(130）拆解	-1	1	4212	780	0	1000	-1	806	1	-1	-1	-1	-1	-1	-1	-1	-1	-1	-1	-1
680	真仙(150）拆解	-1	1	4212	1080	0	1000	-1	807	1	-1	-1	-1	-1	-1	-1	-1	-1	-1	-1	-1
687	斩龙碎片合成	-1	1	37033	1	0	1000	-1	304	100	-1	-1	-1	-1	-1	-1	-1	-1	-1	-1	-1
688	技能玉三合一	-1	0	24	1	0	1000	-1	900	3	-1	-1	-1	-1	-1	-1	-1	-1	-1	-1	-1
689	阴阳元神法阵完整	-1	1	2219	1	0	1000	-1	219	1	220	1	221	1	-1	-1	-1	-1	-1	-1	-1
690	乾坤轮回盘碎片合成	-1	1	37020	1	0	1000	-1	305	100	-1	-1	-1	-1	-1	-1	-1	-1	-1	-1	-1
691	初级物华天宝升级	-1	1	4003	1	0	0	-1	280	10	-1	-1	-1	-1	-1	-1	-1	-1	-1	-1	-1
692	中级物华天宝升级	-1	1	4004	1	0	0	-1	281	7	-1	-1	-1	-1	-1	-1	-1	-1	-1	-1	-1
693	名贵首饰（隐藏任务道具）	-1	1	2225	1	0	1000	-1	282	1	283	1	284	1	285	1	-1	-1	-1	-1	-1
694	盛如夏花碎片合成	-1	1	20076	1	0	1000	-1	286	100	-1	-1	-1	-1	-1	-1	-1	-1	-1	-1	-1
695	真仙碎片转八卦石·豪血	-1	1	37904	1	0	0	151	707	1	215	1	-1	-1	-1	-1	-1	-1	-1	-1	-1
696	真仙碎片转八卦石·紫薇	-1	1	37905	1	0	0	151	708	1	215	1	-1	-1	-1	-1	-1	-1	-1	-1	-1
697	真仙碎片转八卦石·八凶	-1	1	37906	1	0	0	151	709	1	215	1	-1	-1	-1	-1	-1	-1	-1	-1	-1
698	真仙碎片转八卦石·黄道	-1	1	37907	1	0	0	151	710	1	215	1	-1	-1	-1	-1	-1	-1	-1	-1	-1
699	真仙碎片转八卦石·魔煞	-1	1	37908	1	0	0	151	711	1	215	1	-1	-1	-1	-1	-1	-1	-1	-1	-1
700	真仙碎片转八卦石·万通	-1	1	37909	1	0	0	151	712	1	215	1	-1	-1	-1	-1	-1	-1	-1	-1	-1
701	小黄鸡内丹碎片	-1	1	14008	1	0	1000	-1	287	100	-1	-1	-1	-1	-1	-1	-1	-1	-1	-1	-1
