Id	Desc	SpeakerID	TarSceneID	TarPosX	TarPosZ	TarPosRadius	Content	LifeTime	IsCanSkip	SoundID
INT	STRING	INT	INT	FLOAT	FLOAT	FLOAT	STRING	FLOAT	INT	INT
#										
#id唯一标示	策划维护，程序不读	说话者ID（-1为玩家）	目标场景ID	目标X坐标	目标Z坐标	距离目标半径	剧情内容	文字显示完成后翻页时间	是否可跳过	声音id
1	何去何从-正	-1	3	8.85	66.51	2	咦，你是大竹峰门下的小凡师兄吧！魔教来势太猛，我们还是快去守住通天峰吧。	8	1	-1
		4					掌门真人和师父还会原谅我么，为什么？为什么，我日夜想报仇之人竟会是他！	8	1	-1
		-1					...你在说什么？！	5	1	-1
		4					我信守诺言，对当年之事只字不提......可是那个我敬之如父的人	7	1	-1
		4					即使因此触犯了戒条，违抗了掌门之命...我也甘愿受罚！可是他为什么如此对我！！！	8	1	-1
2	何去何从-魔	-1	3	8.85	66.51	2	方才多谢...？！你是青云门的人？	6	1	-1
		4					你不必如此戒备，也许过了今日青云门便没有我这个弟子了......	7	1	-1
		-1					即便如此，青云与圣教为敌...自然是不两立的。	7	1	-1
		4					（小凡苦笑一声）我也曾这般认为......	6	1	-1
		4					你刚才在救人，我若出手伤你，又岂是正道所为。	7	1	-1
3	首登剧情	16	3	21.26	67.75	2	醒醒，醒醒......	5	1	-1
		-1					谁在说话？	5	1	-1
		16					你是谁？为何会在这里？	5	1	-1
		-1					我？我记得，青云山，诛仙现世...死了好多人，我...我是谁？	5	1	-1
		16					爷爷，这人好像失忆了...	5	1	-1
		15					这人定是在青云山上受了重创，还是等他醒过来吧...	5	1	-1
4	主线-周大仙人	15	5	21.24	66.45	2	（老者一抖袖袍，仙骨气扑面而来）老夫乃青天神算周一仙，今日看你我有缘，所以欲为你解惑~	5	1	-1
		-1					原来是位相师！晚辈正有一事不解，想请先生给看看...	5	1	-1
		15					咳咳，不瞒你说，老夫当年出道时，曾立下为人看相必定收钱的规矩...不多，就十两纹银~...	5	1	-1
		16					（旁边传来一声叱呵）爷爷！你怎的快钻进钱眼子里去了吧！	5	1	-1
5	主线-忘却旧事	16	5	21.26	67.75	2	爷爷先前替你号过脉，说你是修真之人，想来还是底子好受的也是皮外伤，短短几日便恢复了！	5	1	-1
		-1					小环姑娘见外了，之前是你和老先生救了我，如今你们有难我自然是要帮忙的！	5	1	-1
		16					对了，之前记得你似乎是有什么难题要请教爷爷，不知道我能不能也帮上什么忙？	5	1	-1
		-1					说来也是奇怪，自打醒过来，身体倒是没什么大碍，但以前的事却是记不清楚了...所以觉得困惑。	5	1	-1
		16					（皱了皱眉）我曾听人说过，这症状当是受了什么刺激，激荡了心神，恢复之后不愿意再想起。	5	1	-1
6	主线-双双伊人	44	5	11.89	104.06	2	就说这青云门，平日蒙其庇佑，其弟子下山也常来这儿歇脚。您别说，这修真之人也是有别的。	5	1	-1
		-1					哦？竟是不出手就能辨别出来么？！	5	1	-1
		44					那可不！那天来的四位，当头的一看就是气度非凡，那个姑娘更是绝世容颜，叫人不敢亵渎。	5	1	-1
		44					倒是其中有一小哥看来普通，不过对这道清蒸寐鱼颇有一番见解。	5	1	-1
		44					对了，那日倒是还有另外一位姑娘，俊俏的好比是那玲珑翡翠！嘿，恁是让我们大饱眼福！	5	1	-1
7	主线-闲话一二	-1	5	11.89	104.06	2	哦？何以见得。	5	1	-1
		44					自打青云出事，城中一下来了不少像您一般气度不凡的人，有些还身怀异宝，当就是那修真之人！	5	1	-1
		-1					这青云山上，也不知究竟是发生了什么事...	5	1	-1
		44					嗨！这您就有所不知了，是正道和魔教在这青云山上大大的打了一仗.	5	1	-1
		44					虽没有见到真切场面，但是那日空中异彩流动，轰鸣之声不绝于耳，地动山摇，令人色变。	5	1	-1
		-1					哦？这正道和魔教又是为何而斗...	5	1	-1
8	主线-当头冷水	43	5	11.32	118.55	2	说来这魔教也是可气，争斗之下世道大乱，我们在外混口饭吃不容易，天天都是提心吊胆的！！	5	1	-1
		-1					这...	5	1	-1
		42					（屋内角落传来一声冷哼）哦，这么说来，这位可是以为，如今世道大乱，都是魔教所为了？	5	1	-1
9	主线-话起争端	-1	5	7.07	117.81	8	...这位前辈好像有其他见解？	5	1	-1
		42					这张姓弟子自小就拜在青云门下，要说身怀他家法门，手持异物，要问也得好好问问他那师父！	5	1	-1
		-1					那为何魔教人物又会舍弃性命救他...	5	1	-1
		42					那日道玄宁错杀不可放过，哼！又有谁出来问上一句？！若非如此，当年那人也不用死...	5	1	-1
		41					我看你口口声声似是都向着魔教，难不成你就是那魔教之人？！...	5	1	-1
10	主线-来龙去脉	53	5	43.09	126.36	2	这草庙村十几年前曾发生惊天惨案，村中百十来条性命一夜之间被屠杀干净，怨厉之气极重。	5	1	-1
		-1					可有伤亡发生？	5	1	-1
		53					那村子自那之后就荒废下来，平日大家都对那儿避恐不及，所以也没有什么伤亡发生。	5	1	-1
		-1					那城主急匆匆召集大家，又为何事？	5	1	-1
		53					大家有所不知，自青云之战起，这怨戾之气似被激荡，竟然于白日就能显形，有外泄之相！	5	1	-1
		53					如今大战过后，青云自顾不暇，这除妖之事一时间竟无人能解，我怎不忧心！	5	1	-1
11	主线-诛仙为引	-1	5	21.24	66.45	2	...某物为引？	5	1	-1
		15					是啊，说来这事是何时开始的？	5	1	-1
		-1					听城主说，是当日青云一战起，这草庙村中戾气才有外泄之态。	5	1	-1
		15					（略一沉思）那就不奇怪了，诛仙本是上古神器，定会激荡青云山周遭灵气，想必就是这个原因。	5	1	-1
		-1					那前辈可有法子压制这戾气？	5	1	-1
12	主线-恩怨俱结	-1	5	43.09	126.36	2	...肥龙已经死了	5	1	-1
		53					什么？！英雄可有看到是谁动的手么？	5	1	-1
		-1					肥龙被利用，替其摄取村中亡魂，没想计划让我识破，被灭了口...也是惭愧，没能保住他的性命。	5	1	-1
		53					唉...这肥龙本也是不受管教的城中一霸，如今他这都是咎由自取，英雄不必太过自责。	5	1	-1
13	主线-真真假假	-1	5	21.24	66.45	2	老先生就不要消遣晚辈了！这当然是老先生的功劳，要是没有您的符咒，晚辈哪能这么顺利！	5	1	-1
		15					咳咳，那是自然~！	5	1	-1
		-1					刚才过来的时候，看到那叫如花的妇人，莫不是找老先生麻烦吧？	5	1	-1
		15					没没。听说她丈夫在义庄丢了性命，那日她不信我所言，如今又重金来求，可是人已经没了...	5	1	-1
		15					我劝她多收敛性格，行些善事，比什么都管用。天道因果，你说，这真真假假真真，信是不信呢。	5	1	-1
14	主线-旧时衣物	16	5	21.26	67.75	2	不过，你这身是得替下来了！	5	1	-1
		-1					...可是...	5	1	-1
		16					想必是没有替换衣物吧~当当当！瞧瞧这是啥~	5	1	-1
		-1					这是？？	5	1	-1
		16					那日寻到你时你所着衣物污秽破烂，就帮你缝补清洗了一下，想来这旧物对你想起往事也有帮助吧。	5	1	-1
15	主线-字字珠玑	15	5	21.24	66.45	2	其实青云之战我有所耳闻，如今正魔分立，但事在人为，是非也不是谁能定论的...万不可失了本心！	5	1	-1
		15					我曾为一人看相，卦象说那人乃是万中无一的乱魔相，一生风雨坎坷...	5	1	-1
		15					其实我也看了你的卦象，只是...乃不可说的天机，不过你俩日后定会相见，那时希望你能助他渡劫。	5	1	-1
		-1					老先生的教诲，晚辈定会铭记于心！	5	1	-1
16	主线-山魈之祸	-1	6	2.86	14.86	2	哦？山魈...那是什么？	5	1	-1
		84					青云山水土肥沃，灵气充盈，这山魈便是山中所生灵兽。青云一战环境被毁，这才将它们逼了出来。	5	1	-1
		84					我便是奉了掌门之命，将附近的山魈赶远一些，免得伤了门中小弟子。怎奈这些灵兽数量众多，诶！	5	1	-1
		-1					如果可以，就让我也出一份力吧！	5	1	-1
17	主线-首座之怨	-1	6	7.14	63.43	2	师叔教训的是...	5	1	-1
		76					诶，罢了罢了...要不是刚刚田不易那通脾气，也不至于搅得我也无端心烦意乱起来！	5	1	-1
		-1					不知何事触怒了田师叔？	5	1	-1
		76					还能有啥事，不就是因为他那个叫张小凡的徒弟么。现在只要一提起，就跟个爆竹似的，一点就着！	5	1	-1
		-1					...张小凡...（只觉这名字听来也熟悉异常）	5	1	-1
		76					谁都看到了，他那徒弟最后跟着魔教的人跑了。可这怨的了谁，大家都是为青云门着想。	5	1	-1
18	主线-欲言又止	-1	6	99.5	63.5	2	弟子过来的路上，遇到了风回峰的曾师伯...师伯有话要弟子带给掌门。	5	1	-1
		71					哦？曾师弟说什么了？	5	1	-1
		-1					师伯说...田师伯虽然性子急，但对青云和掌门并无二心，今日失礼之事，还望掌门不要往心里去！	5	1	-1
		71					唉，师弟多虑了。张小凡叛出青云我也是有责任的，田师弟失了爱徒心头难受，做师兄的怎不知？	5	1	-1
19	主线-有意为之	71	6	99.5	63.5	2	青云一战，落霞、朝阳两脉长老牺牲，苍松叛逃，物件已毁尚可换新，这人才是无法估量的损失。	5	1	-1
		71					不过幸好后辈青出于蓝，假以时日，积累修行，定能成为独当一面之人！	5	1	-1
		71					我观你禀赋不错，心术也正，年纪轻轻当还有很大提升空间，有意收你为入室弟子，你可同意？	5	1	-1
		-1					掌门有意倚重，晚辈甚是惶恐！但求尽心竭力为青云所用！	5	1	-1
20	主线-闭关歇息	-1	6	99.5	63.5	2	...啊？！	5	1	-1
		71					罢罢，我正好也累了，那就闭关些时日好好修养一番吧！	5	1	-1
		-1					掌门精神抖擞...倒是一点也看不出来倦态！	5	1	-1
		71					哈哈哈，终究还是有些年岁了！两祭诛仙对我内力的消耗本就不小，我还是不逞强了！	5	1	-1
		71					这段时间，青云门一切事务就交由萧逸才打点吧。你也要多加修行才是！	5	1	-1
21	主线-师父心结	-1	6	57.2	104.1	2	...师兄，田师伯可还是因为小凡的事情才心情郁结的？	5	1	-1
		79					恩，自从老七跟着魔教的人走了，师父他老人家心里就过不去这道儿坎了...	5	1	-1
		79					师父总认为，老七的事情其实还有回旋的余地...只是那一剑下去，老七便是什么退路都没有了。	5	1	-1
		79					师父的心结，也许只能是老七自己来解了...	5	1	-1
		-1					师兄的意思是....	5	1	-1
22	主线-众人之意	-1	6	23.9	120.02	2	...宋大仁师兄也说了类似的话呢！	5	1	-1
		78					其实...咱们大竹峰每一个人，都是这个想法！如果...如果小凡能够回来...	5	1	-1
		-1					回来？！先不论小凡的意思，恐怕这件事，连掌门那关都不过了吧。	5	1	-1
		78					其实所有的事情都怪不得小凡，不是么？掌门劈也劈了，小凡若是回来好好认个错，并非行不得！	5	1	-1
		-1					...恩，也是！不过毕竟其余几峰的心思尤未可知，说服掌门一事，还是有些不太稳妥。	5	1	-1
		78					这是自然，向掌门提出前，必定会先问问其余几峰的想法，特别是那小竹峰。	5	1	-1
23	主线-曾经旧友	-1	6	88.08	36.98	2	呃...我去替宋大仁师兄给文敏师姐传个话！	5	1	-1
		82					哦？是么。应该不只是这件事吧~难道不是为小凡么？	5	1	-1
		-1					？！师兄怎么知道的...	5	1	-1
		82					那是你师兄我聪慧！猜了个八九不离十~	5	1	-1
		82					你不必慌张，我明白大竹峰众人的心思。以前我就与他要好，此事我当然也是同大竹峰一条心的。	5	1	-1
24	主线-深受其害	-1	6	56.86	1.28	2	还有一事...想要求师姐和小竹峰众位师姐帮忙。	5	1	-1
		81					哦？是何事这么重要？	5	1	-1
		-1					这件事，便是大竹峰众人想要向掌门求情，让张小凡重回青云门...希望小竹峰众人也能出面！	5	1	-1
		81					其实自小凡走后，雪琪终日郁郁寡欢，也不见她展露一次笑颜，每日只是拼命修行。	5	1	-1
		81					雪琪的心结，怕是也只有张小凡能解...你放心，师父一向最疼爱她，也不能说些什么的。	5	1	-1
25	主线-心中顾虑	-1	6	36.96	63.83	2	其实...我这次来，是希望师兄能替转告一件事于掌门知晓。	5	1	-1
		70					掌门已经闭关，不知道是何事要叨扰他老人家...	5	1	-1
		-1					乃是为张小凡一事！其实小凡并没有什么错不是么，如若能得到掌门同意，重回青云，岂不更好？	5	1	-1
		70					你...诶，你当小凡离开青云门，仅仅是因为身怀噬魂，且与魔宗不清不楚的关系？那你就错了。	5	1	-1
		-1					那本源在何处？	5	1	-1
		70					那本源就在小凡的另一重身份。我们青云若是公开表态要他返回，那将天音寺置于何地？	5	1	-1
26	主线-善恶一念	-1	10	117.78	99.45	2	那便好。法相师兄担心您安危，这才未经您的允许请我入苦修林中查看，还望上人莫要责怪！	5	1	-1
		229					施主言重了。我不让他们随意进来，其实也没什么特殊理由，只是自己有惑未解，需静心参悟罢。	5	1	-1
		-1					竟还有上人参悟不透之事，不知可愿意赐教一二。	5	1	-1
		229					赐教不敢当，只是贫僧一些愚见。佛曰：善恶一念之间。是说人与众生，如如之性，初心本善。	5	1	-1
		229					只是心中有善，却因执念生妄念，妄念牵杀心，如此而为恶。	5	1	-1
		229					正如普智师弟，虽积一生无量德行，但一念之差犯下罪孽。孰善孰恶，却又该如何定夺...	5	1	-1
27	主线-昔日渊源	-1	10	58.08	53	2	不瞒大师，其实这次是为张小凡之事。张小凡被魔教之人带走...青云众人心中也是挂念非常。	5	1	-1
		225					贫僧明白，张施主落得如此，一切皆由我寺普智师叔妄念而起，却累及其坎坷命途，实是罪过！	5	1	-1
		-1					只是此事便不只是我们青云能够定夺的了，当然希望能够得到贵寺的支持，这心里方才有底。	5	1	-1
		225					阿弥陀佛，施主放心。如果小凡肯回来，天音当义不容辞替其除去噬魂魔障，还他心灵清明！	5	1	-1
28	主线-佛家之意	-1	10	58.08	53	2	哦？不知普泓上人怎么说。	5	1	-1
		225					师父说，青云的意思天音已经明白。还请施主放心，一切都将尊重小凡施主的选择。	5	1	-1
		-1					既然这样。那晚辈就替青云众位师兄师姐谢过大师了！	5	1	-1
		225					不瞒你说，自当年与小凡见面到如今，已是十年光阴匆匆而过，我也曾在深夜未眠之时想起他来。	5	1	-1
		225					亦曾以身相代试想这诸般痛苦如若发生在我身上会是怎样。每每念及此处，委实不忍...	5	1	-1
29	主线-空桑历练	70	6	36.96	63.83	2	我决定让你带人前去空桑山除魔卫道。如若你能在新代弟子中脱颖而出，说服掌门也多几分把握！	5	1	-1
		70					另外，据天音说法这噬血珠出自炼血堂黑心老人，你当多留意可有关于此物的破解之法记载。	5	1	-1
		70					此次鬼王宗也派出了门下弟子...如果见到了小凡，你应该知道如何说辞了吧！	5	1	-1
		-1					弟子明白，师兄还请放心！	5	1	-1
30	主线-六合宝镜	83	6	91.73	81.64	2	空桑路途遥远，你身上的法宝可助你一臂之力！	5	1	-1
		83					想来你也是很久没有御空飞行了，这修行可不要荒废呀！	5	1	-1
		-1					谨遵师兄教诲！我定不负所托！	5	1	-1
31	主线-掌门心思	-1	12	39.79	17.8	2	还劳烦师姐特意过来迎接...	5	1	-1
		257					不麻烦不麻烦，你的事情绯燕已经告诉我了，怕你不记得路，若是走丢了就是做师姐的不是了！	5	1	-1
		257					对了，本来你回来应该要向掌门通禀一声的，只是...	5	1	-1
		-1					只是什么？	5	1	-1
		257					（苦笑了一下）只是自青云一战回来之后，掌门就一直闷闷不乐，很少露面。	5	1	-1
		257					并特意嘱咐若非金仙子回报，其余事宜让我们四兄妹自行处理便是。	5	1	-1
		-1					也没有什么重要的事情，就不必叨扰掌门了！只是掌门莫要闷坏了身子才是啊！	5	1	-1
32	主线-师兄关怀	256	12	84.75	65.46	2	你脉象混乱，体内有两股真气冲撞，虽不祸及性命，但实为阻碍修行之大忌...	5	1	-1
		-1					...师兄...	5	1	-1
		256					不用担心，师兄自当不会置之不顾，你且坐下，闭眼行功运气，剩下的就交给师兄吧！	5	1	-1
33	主线-口舌之好	-1	12	84.75	65.46	2	正是为此事而来！春师兄可有什么妙招？	5	1	-1
		256					所谓欲抓住人心，需先满足其口舌之好，我想掌门也不例外！	5	1	-1
		-1					哦？依春师兄之见，该是何物呢？	5	1	-1
		256					那便是黑心果了！掌门多年前专从南疆移回，为其在逍遥涧生根花了不少功夫，可见对其的喜爱。	5	1	-1
		-1					既然这黑心果能为掌门解闷，那便事不宜迟了，师兄可知道哪里能采得这美味，我好速速去取。	5	1	-1
		256					若是轻易能得我早就动身了！这黑心果难以采摘不说，更有灵猴抢夺，哪是那么容易就得到的。	5	1	-1
34	主线-断袖之癖	255	12	16.5	45.17	2	你觉得春师兄这人咋样啊！	5	1	-1
		-1					春师兄？春师兄温文尔雅，待人也是极其和善，能得掌门青睐，想必能力也是一等一的好手...	5	1	-1
		255					那是！对春师兄爱慕的人，都能排到这逍遥涧外面去了...嘿！可是你别说，春师兄没一个看上的！	5	1	-1
		-1					那定是春师兄心中已有意中人了吧。	5	1	-1
		255					因为...你再过来些，我悄悄告诉你，因为，春师兄喜欢的是男人！	5	1	-1
35	主线-深感危机	-1	12	107.96	65.63	2	不知掌门因何烦闷，可有晚辈和师兄师姐们能为掌门分担的？	5	1	-1
		254					反正迟早也是要通报门中的事情，现在说与你也无妨。	5	1	-1
		254					自青云一战见识过诛仙后，恐怕我们本以为和正道能够抗衡，现在看来其实相差甚远。	5	1	-1
		254					另外，虽同信明王圣母，但黑心老人当年一统圣教的鼎盛之态，恐怕我们四宗谁都想试上一试吧！	5	1	-1
36	主线-亲传弟子	254	12	107.96	65.63	2	我合欢自金铃祖师开派以来，本只收女弟子，习魅惑心智之术。但终究借力打力，易受外因所制。	5	1	-1
		254					自凌波仙子上位，终觉我合欢需掌握一门真正为自身所用武学，便开宗散叶同纳男性弟子。	5	1	-1
							除魅惑之术外同习暗杀潜行之技，也是将合欢一派推至鼎盛。我便明白，活水方能使得万年船。	5	1	-1
		254					方才我便有细细观察，你体质阴柔，身形灵巧，是修习江南心法的好苗子，便收你做亲传弟子吧！	5	1	-1
		-1					掌门有意倚重，晚辈惶恐！但求尽心竭力为合欢所用！	5	1	-1
37	主线-合欢之意	-1	12	107.96	65.63	2	还请掌门教诲！	5	1	-1
		254					一千三百年前，金铃祖师聪慧绝顶，道行精深，悟得天书之境，便创下我派，名为合欢。	5	1	-1
		254					相信世人看我门弟子样貌俊俏，多行魅惑之法，讲究和合采补双修，便觉这合欢二字是为不齿吧！	5	1	-1
		254					所谓和合之术，传自迦毗罗卫，采阴补阳，是以互通，达大欢喜境，但并非行什么淫秽之法。	5	1	-1
		254					然祖师殒命，遗落天书，得凌波仙子真传的上代掌门又折在了青云，自此合欢武学便是丢失了有半。	5	1	-1
		254					如今传至我手，如若合欢衰败，我将无颜面对祖师，所以尔等后辈当勤恳修学，再兴合欢盛势！	5	1	-1
		-1					弟子记住了！定不负掌门所望！	5	1	-1
38	主线-必修之课	-1	12	89.56	32.39	2	刚刚晚辈多有冒犯！！师姐若是生气，就责罚下来吧！	5	1	-1
		258					...（自说自话）看来心智倒是蛮正的，就是有点呆，勉强算过关吧！	5	1	-1
		-1					啊？师姐你说什么？什么过关？...	5	1	-1
		258					方才便是你要上的第一课。江南心法不露声色便可迷惑制敌，刚刚正是在考验你的心智和控制力。	5	1	-1
		258					你一开始虽中魅术，但能及时收势也还是可塑之才，要记住这控制心智和欲望，是当前的必修课！	5	1	-1
39	主线-陈年旧事	-1	12	101.2	118.17	2	...几百年？！可是婆婆看起来还是这么容光焕发，哪里有什么岁月的痕迹！	5	1	-1
		263					你这娃娃伶牙俐齿，一点不输你君同师兄！	5	1	-1
		263					可纵使不老，旧人却已不在，独留我日复一日侍奉着夫人的牌位，岁月于我又为何物？	5	1	-1
		-1					那便是故去之人留在现世的羁绊了...他们的样子，他们身上发生的事，都留在了婆婆的记忆里。	5	1	-1
		-1					再由婆婆说与我们这些晚辈，便是被更多地人记得，便是他们曾经存在最好的证明了！	5	1	-1
		263					...哈哈哈哈！说的好！说得好！婆婆喜欢！来来来，婆婆有好东西要给你！	5	1	-1
40	主线-沧海绯燕	-1	12	103.1	83.94	2	...不知沧海师兄哪里惹师姐不高兴了？	5	1	-1
		262					不是我！我这叫做正主不急旁人急，你说，沧海和绯燕明明互相喜欢，可沧海不说，绯燕也不问。	5	1	-1
		262					嘿，姑娘那是羞涩，他一个大男人掖着个什么劲儿啊！	5	1	-1
		-1					...师姐，那是人家两人之间的事儿，咱们啊也不好掺和。	5	1	-1
		262					那怎么成，绯燕可是我的好妹妹。不行！这事儿还就得靠别人推一把！！	5	1	-1
41	主线-互相关照	-1	12	40.3	109.07	2	师兄谬赞了！	5	1	-1
		259					听夏雨雪师姐说，你虽刚来，倒也挺能吃准兰鸾儿那丫头的脾性，其实师兄是有一事想拜托你帮忙。	5	1	-1
		259					我前些日子外出办事，捡回一名将死的小乞丐，如今他被安排在我门下由我教导。	5	1	-1
		259					大抵是之前看惯世俗冷暖，不愿与人交心，我担心这样的性子会让他日后吃亏。	5	1	-1
		259					你们年龄相仿，你又心思灵巧！所以希望你能多与他亲近一些，也算是尽了同门情谊。	5	1	-1
		-1					关照同门本就分内之事！师兄还请放心！	5	1	-1
42	主线-惹祸上身	-1	12	16.5	45.17	2	刚刚出手，我看那些僧人也不是什么无理之徒...你老实告诉我，你干啥了。	5	1	-1
		255					没有没有...真的...	5	1	-1
		-1					你若是不说实话，我便是要像莫风师弟那样，上报掌门了啊！	5	1	-1
		255					别别别！我说就是了。前阵子我听春师兄说天音无字玉壁乃是神迹之笔，很是好奇。	5	1	-1
		255					这不，我就想去见识见识嘛...结果闯了人家禁地，被一路追到了这里。	5	1	-1
		-1					...天音寺？！我们本就不相两立，你这冒冒失失的，若是被误会...不行不行，这事儿得告诉掌门！	5	1	-1
		255					那...那你得替我向掌门求求情！掌门责罚下来，关我小黑屋，那还不得把我憋死啊！	5	1	-1
43	主线-若有所思	254	12	107.96	65.63	2	还记得那日我与你谈话，说到开派祖师金铃夫人么！	5	1	-1
		-1					弟子记得。祖师道行精深，悟得天书奇卷，创立我合欢派。	5	1	-1
		254					不错。只是祖师殒命之后，天书也随之散落。但是这几日我细细回想青云一战，便发现了一件大事。	5	1	-1
		254					那日鬼王之女挡下诛仙，分明使得就是使得金铃祖师的痴情咒！只是那日情况紧急，我并没有多想。	5	1	-1
		254					最后危急时刻，扣下碧瑶一魄的那个法宝，现在想来也是祖师在世时用的法宝合欢铃！	5	1	-1
44	主线-了解情况	269	11	9.5	83.68	2	痴情咒乃金铃夫人所创，这咒法狠毒，便是硬生生的驱人三魂七魄作为咒法之引。	5	1	-1
		269					兴许是金铃祖师有感，合欢铃竟是危急关头生生扣下一魄，这才保得她肉身不灭。	5	1	-1
		269					至于她是从哪里得来的，我听门中安排眼线，说是于空桑山滴血洞中所得。	5	1	-1
		-1					如此说来，这合欢铃对鬼王便成了至关重要之物...恐怕我们想要拿回来，没有那么容易了。	5	1	-1
		269					恩。不过我先前已经探过一次寒冰石室，险些暴露，为保险这次我便不能贸然前往了。	5	1	-1
		-1					师兄不必苦恼，再探石室确认合欢铃的事情就交给我吧！	5	1	-1
45	主线-旧时渊源	-1	12	107.96	65.63	2	但是并未看到天书卷宗，也没有听鬼王的人提起过...莫不是...天书仍然还散落在外！	5	1	-1
		254					恩！说来也巧，空桑山近日传出了炼血堂死灰复燃的消息。	5	1	-1
		254					那炼血堂的黑心老儿和金铃祖师渊源颇深，我觉得此次是找到祖师遗骸和天书的大好时机。	5	1	-1
		-1					弟子愿意代劳！前往空桑山寻找！	5	1	-1
46	主线-痴情厉咒	-1	12	101.2	118.17	2	婆婆请说！	5	1	-1
		263					痴情咒本名厉血咒！此咒凶险，即使悟出也不能轻易用之。	5	1	-1
		263					此番前去，你还需留意，是否可有破解之法，能化此凶咒为我合欢所用。	5	1	-1
47	主线-凌波玉箫	254	12	107.96	65.63	2	空桑路途遥远，你身上的法宝可助你一臂之力！	5	1	-1
		254					想来你也是很久没有御空飞行了，这修行可不要荒废呀！	5	1	-1
		-1					谨遵掌门教诲！我定不负所托！	5	1	-1
48	主线-佛法无边	223	10	99.23	3.62	2	若非如此，先前我们一村将死之人，又怎能从阎王爷手里捡回这么多条命。	5	1	-1
		-1					哦？不知是哪位高僧造化！	5	1	-1
		223					那便是圣僧普智了。那时候整个村子染了瘟疫，如果不是普智圣僧出手救治，恐怕...	5	1	-1
		223					所以一定是佛祖觉得我们一村人命不该绝，派了普智圣僧渡化，阿弥陀佛！	5	1	-1
		223					自那之后，每月我们都会给天音寺送来供奉，以表谢意！只是...再也没见过圣僧。	5	1	-1
49	主线-我佛慈悲	224	10	56.97	24.56	2	青云一战回山后，清点战后伤亡情况，发现你并未回山，便是以为你在青云一战...	5	1	-1
		224					阿弥陀佛！你既无事，想必是我佛慈悲，显灵庇佑了！	5	1	-1
		-1					（原来我真是这天音弟子...）	5	1	-1
		224					此事本当禀报住持知晓，只是...	5	1	-1
		-1					只是什么？	5	1	-1
		224					只是住持被小人暗算身受重伤，正在闭关修养，寺中事务暂交由法相师兄代为管理！	5	1	-1
		-1					无妨！也不是什么紧急事情，就不必立刻叨扰住持了！让住持好好歇息才是！	5	1	-1
50	主线-众生平等	-1	10	117.78	99.45	2	徒儿因为一些事在城中耽搁了些日子，幸遇见法善师兄，这才得以回山，让师父担心了！	5	1	-1
		229					能回来就好，能回来就好！	5	1	-1
		-1					师父可有受伤？...刚刚那些人看样子并不像是我天音客人，为何师父要拦着我。	5	1	-1
		229					阿弥陀佛！痴儿，夫千百法门，同归方寸，人与非人，性相平等。	5	1	-1
		229					他们虽不为我天音客人，当也不能如此失礼对待啊，何况他们并没有行什么恶事。	5	1	-1
51	主线-佛祖慈悲	227	10	58.35	123.23	2	想当初你还是个婴儿的时候，便被普德师弟从深山中抱回，天寒地冻竟是捡回了一条命。	5	1	-1
							这次本以为你命陨青云，竟又死里逃生，冥冥之中，定有我佛不忍，普慈悲造化。	5	1	-1
		227					孩子，我观你身形稳健，吐纳归一，是修行大梵般若的好苗子，你可愿意做这入室弟子？	5	1	-1
		-1					住持有意倚重，弟子惶恐！但求尽心竭力为天音积无量德行！	5	1	-1
52	主线-心有所向	-1	10	76.97	43.28	2	...观棋小师弟，是有心事未解？	5	1	-1
		232					你看到这石阶了么！当年山路陡峭，百姓虽有心礼佛却难得上山求愿。	5	1	-1
		232					便有一位师叔以一己之力，费十年之功，硬是在这陡峭山中开辟出了这一条佛海坦途...	5	1	-1
		232					不仅如此，师叔还广普功德，渡化苦难，现今寺中许多香客都是受过其恩泽，年年上山还愿！	5	1	-1
		-1					竟有这样了不起的前辈...不知名号如何？哪天当拜见，求取一二教诲。	5	1	-1
		232					那位师叔名号普智，只是已经过世十数年了。如此无量功德之人，为何不得佛祖庇佑...	5	1	-1
53	主线-施法补救	225	10	58.08	53	2	一切皆由我天音寺而起，普智师叔已经圆寂，我们这些在世之人，当也应该想想补救的办法。	5	1	-1
		225					现在这噬血珠就在张施主的身上，我担心他将那邪物带在身上，终会重蹈了普智师叔的覆辙。	5	1	-1
		-1					如果能以天音无边佛法救他于水火之中，也算是了了普智师叔未果的心愿。	5	1	-1
		225					不错！张施主这样人物苦于心魔，我委实不忍。愿以佛门慈悲点拨于他，也算是大功德之事。	5	1	-1
54	主线-噬血来历	230	10	9.9	21.82	2	普智早时，曾游历四方以增长见识，助益修行。这噬血珠便是他在死亡大沼泽中无意中拾得。	5	1	-1
		230					聪慧如他，知道此物乃是天下至凶异物，便秉仁慈之心，日夜随身携带镇压，以免祸害世人。	5	1	-1
		230					只是此物凶戾之气实乃冲天之势！之后的事情你便都知道了，这戾气终悄悄侵蚀了他的神智。	5	1	-1
		-1					...那此物可有别的压制之法？	5	1	-1
		230					当初我也劝过普智以佛迹无字玉壁镇压，只是怕累及本寺终作罢。如今看来兴许不失为一条门路。	5	1	-1
55	主线-弟子未归	-1	10	5.3	79.95	2	不知道衍尊者是为何事着急？	5	1	-1
		231					你有所不知，无字玉壁本是禁地，就是寺中也鲜有人知。只是，这个月已经两次有人刺探此处了。	5	1	-1
		231					这次便是没见半个人影...不过上次倒是发现一合欢弟子，我门下观嗔便追其而出。	5	1	-1
		231					不过到现在还未回...这让我有些担心。	5	1	-1
		-1					兴许是有了什么进展，被耽搁了吧。	5	1	-1
		231					但愿如此，那孩子性子像极了那时的惠静。我担心他冲动行事，阿弥陀佛！	5	1	-1
56	主线-了解情况	233	12	16.07	10.27	2	我追那女子至此，一时不得注意竟让那些猴子偷去法宝，便是丢了她的踪迹。	5	1	-1
		233					眼下也不知道她擅闯我天音禁地，究竟是为何。是否是合欢的什么计谋...	5	1	-1
		-1					师兄稍安勿躁。既然已经知道这女弟子就在这逍遥涧中，那便还有机会。	5	1	-1
		-1					师兄想必已经暴露，我对她们还算面生，就由我潜进去探个究竟吧。	5	1	-1
		233					恩。如此也好，不过你尽力而为就好，切莫逞强。有事师兄在这里接应你！	5	1	-1
57	主线-惹事师妹	262	12	103.1	83.94	2	都是春君同，无端跟兰鸾儿说什么无字玉壁。这不，勾起那丫头的好奇心了，非要去看看。	5	1	-1
		262					这不，谁知道那处有什么禁制，竟是被发现，一路追来了这逍遥涧...	5	1	-1
		262					不过那丫头机灵，自己逃掉了。反正那些僧人也没捉着什么把柄，过些时日自己就会离开了。	5	1	-1
58	主线-压制之法	231	10	5.3	79.95	2	我觉得道玉师兄的法子，当可以一试。	5	1	-1
		231					这无字玉壁，传说是当年祖师偶然间寻得，并在玉壁之下悟通佛理，方才开创我天音寺一脉。	5	1	-1
		231					那处本是山中佛气最为肃穆祥瑞之处，再结合一众高僧施下金刚环法阵，或对此戾气有所压制。	5	1	-1
		-1					那太好了！	5	1	-1
59	主线-空桑事发	227	10	58.35	123.23	2	今日正巧传来消息，空桑山发现炼血堂的踪迹。	5	1	-1
		227					据说鬼王宗大批人马已经出发前往意图吞并，说不定能找到张小凡施主的行踪。	5	1	-1
		-1					弟子明白！	5	1	-1
		227					另外这噬血珠本出自黑心老人，你需多加留意，兴许那边有对此物的更深记载！	5	1	-1
60	主线-轮回佛珠	225	10	58.08	53	2	空桑路途遥远，你身上的法宝可助你一臂之力！	5	1	-1
		225					想来你也是很久没有御空飞行了，这修行可不要荒废呀！	5	1	-1
		-1					谨遵师兄教诲！我定不负所托！	5	1	-1
61	主线-灵芝妙药	254	12	107.96	65.63	2	不过...你得答应我个条件！	5	1	-1
		-1					呃！只要我能帮小师妹办到，当然是没问题的！	5	1	-1
		254					不难！就是...帮我完成功课吧！！	5	1	-1
		-1					...这...这不太好吧，若是给师兄师姐们知道了...	5	1	-1
		254					你怕什么，你不说我不说，谁知道！再说，你要是不帮我做功课，我哪有时间去管什么猴子？	5	1	-1
		-1					好吧好吧...便是只有这一次！是什么功课？	5	1	-1
		254					合欢历来有使用药物辅助练习的传承，我要的这味药便是灵芝。所以...就拜托你啦！	5	1	-1
62	主线-善意谎言	243	11	53.63	55.46	2	凌烟这丫头，打小就和碧瑶要好。碧瑶念其是个孤儿，便是如亲妹妹一般待她。	5	1	-1
		243					这次出了事，大家也是不忍心说出实话。倒也难为了这个孩子，三天两头便寻些新鲜东西来...	5	1	-1
		-1					此事的确纠结难断，现在这样还能留些期待吧，也算不得已的办法了。	5	1	-1
		243					正是...不过，今日她怎么没有亲自来呢？	5	1	-1
		-1					凌烟为寻这花在林中把脚扭伤了，正巧我路过，便出手帮了师妹一把，这才托我将这花给送来了。	5	1	-1
		243					这小丫头怎么这么不小心...	5	1	-1
63	主线-掌门之意	238	11	81.8	67.4	2	血池那有鬼先生看守，碧瑶所在寒冰石室也有幽姬和鬼厉看守，定不会出什么岔子！放心就是。	5	1	-1
		238					这次卧底事件，听说是你从那些山贼身上搜出的密信？	5	1	-1
		-1					正是弟子...	5	1	-1
		238					好！方才自打你进来，我便有细细看过，你根骨禀赋都是上乘水准。	5	1	-1
		238					此次卧底一事也看出你心思过人之处...我即有意收你为亲传弟子，传你玄冥道心法，你可愿意？	5	1	-1
		-1					掌门有意倚重，弟子惶恐！但求尽心竭力为鬼王宗所用！	5	1	-1
64	主线-鬼厉之名	-1	11	75.72	6.78	2	不碍事的！皮外之伤早就好了，内里也有朱雀圣使帮忙调息过！倒是你...可有被那诛仙剑...	5	1	-1
		239					...（苦笑一声）我倒是希望，那剑劈的是我，而不是碧瑶...	5	1	-1
		-1					碧瑶的事情，我当也不知道该如何劝慰你了...可是你留在这里，不怕...	5	1	-1
		239					怕什么？怕青云的人找来？还是怕鬼王要我的命？这些我都不怕，唯一怕的，就是碧瑶再也醒不过来...	5	1	-1
		239					我留在这里，一是为碧瑶寻找还魂的法子，二来也是想给鬼王一个交代，希望能为他做些什么来弥补。	5	1	-1
65	主线-狐岐渊源	-1	11	75.72	6.78	2	...便是山外那些野狐了	5	1	-1
		239					狐血？（微微皱了皱眉）...你去取血的路上...没有被鬼王看见吧？	5	1	-1
		-1					呃...这狐血可是有什么问题么？	5	1	-1
		239					你知这山为何名狐岐么？我曾听朱雀圣使说起过，这狐岐山便是因为山中狐族而得名。	5	1	-1
		239					而鬼王的亡妻，也就是碧瑶的母亲，更是对这种灵兽喜爱有加...	5	1	-1
		239					所以，门中一直有不允许杀狐的规矩...	5	1	-1
		-1					（⊙o⊙）这...	5	1	-1
66	主线-另寻他法	-1	11	115.83	56.28	2	之前有人刺探石室，坏了室外血阵禁制。鬼厉便是留在那边脱不开身，这才差我来问您的。	5	1	-1
		244					（挑了挑眉）差你来也是好，他拜托我的事，也无果了...我怕他空欢喜一场...	5	1	-1
		-1					...呃，不知是何事。	5	1	-1
		244					我鬼王也算是有千年基业的大派，自当藏书不少，且多为记载这世间奇人异事的野史卷册。	5	1	-1
		244					鬼厉便是托我查查，可有关于那还魂异术的记载。只是翻遍了所有书籍，也是一无所获，诶...	5	1	-1
67	主线-命是无缘	-1	11	75.72	6.78	2	想来道行深厚、眼界开阔如掌门，对此尚无办法，你也不要太灰心...	5	1	-1
		239					此咒既能挡下诛仙剑阵，当有其不可说的玄妙之处。	5	1	-1
		239					也是...是我太心急了。	5	1	-1
		-1					如果能知道这个咒语的出处，说不定就能找到有相关破解之法的记载了...	5	1	-1
		239					出处...难道是那个时候？...对啊！那合欢铃也是从那里取来的！我怎么没有想起来！	5	1	-1
68	主线-自负无能	247	11	28.92	8.17	2	我不明白，那小子何德何能！害死了碧瑶，宗主非但不杀，竟还是对他青睐有加！	5	1	-1
		-1					这件事...鬼厉他...他心里不比谁更难过...	5	1	-1
		247					那是他无能，还要碧瑶护他！这鬼王宗上下视为珍宝的人，竟为了他...他难道不应该以死谢罪么！	5	1	-1
		247					也怪我无能...只能眼睁睁看着，却什么也做不了！我恨啊！我恨我还有好多话没有对她说！	5	1	-1
69	主线-当断即断	239	11	75.72	6.78	2	那日，掌门...不，道玄挥剑相向，那刻起便是将我逐出了青云吧。我当也不再有任何留恋。只是...	5	1	-1
		239					也不知道师父和各位师兄是否安好...可有因我受到什么责罚...	5	1	-1
		-1					既然如此，我便替你跑一趟青云吧！也算是了了你这最后一桩心结.	5	1	-1
		239					当真？！...可是毕竟正邪有别，若是被哪一边发现，你都难逃干系了...	5	1	-1
		-1					若是我不去，你又如何放得下。你放心，我一个人行动，当不易被察觉。	5	1	-1
70	主线-魂牵梦萦	80	6	95.61	8.49	2	你放心，我没有别的意思...我只是想问问，小凡，他还好么...	5	1	-1
		-1					他还好...不...拜青云所赐，一点也不好。	5	1	-1
		80					可是因为...罢了，你为何来我青云地界，就不怕被发现？	5	1	-1
		-1					我受鬼厉所托...帮他来看看他师父和师兄们可有受到牵连。	5	1	-1
		-1					毕竟，坐了鬼王副宗主的位置，这里的旧时往事便是要抛开的！我是替他来断了这最后念想的。	5	1	-1
		80					（秀眉微微一皱）鬼厉？...呵...已经没办法回头了么...	5	1	-1
71	主线-朱雀之劝	-1	11	53.63	55.46	2	？！圣使你是如何知道...难道你在监视我和鬼厉？	5	1	-1
		243					我也只是奉命办事...多的你不必知晓，只需知道以后万不可再做这出格的事情。	5	1	-1
		243					鬼厉现在境况，盯着他的人不知道有多少，更不用说，宗主对鬼厉...其实并不如你所见那般简单。	5	1	-1
		-1					弟子明白了...还有劳圣使提点了。	5	1	-1
72	主线-死灰复燃	238	11	81.8	67.4	2	我圣教各派深感日后危急，便以合欢、万毒、长生堂和我鬼王宗四派展开了各自的吞并计划。	5	1	-1
		238					如今其余小派已经被瓜分完毕...只剩这最后一派...便是这炼血堂。	5	1	-1
		238					这炼血堂虽至今日已经衰落，但实力仍然不能小觑，此次若能吞并该派，当又壮大我宗实力。	5	1	-1
		238					所以此次我打算派你和鬼厉一起前去，这炼血堂当势在必得！	5	1	-1
		-1					弟子明白！请宗主放心！	5	1	-1
73	主线-朱雀灵印	239	11	75.72	6.78	2	空桑路途遥远，你身上的法宝可助你一臂之力！	5	1	-1
		239					想来你也是很久没有御空飞行了，这修行可不要荒废呀！	5	1	-1
		-1					谨遵副宗主教诲！我定不负所托！	5	1	-1
74	青云首登	35	3	-1	-1	5	弟子[ffee33]$N[-]听令，魔教去而复返，云海重地务必守住，敢越雷池者，杀！	5	1	184
75	天音首登	227	3	-1	-1	5	阿弥陀佛，降妖除魔乃我佛慈悲，弟子[ffee33]$N[-]快将这些魔教妖人拦住。	5	1	174
76	鬼王首登	238	3	-1	-1	5	弟子[ffee33]$N[-]，快去保护碧瑶小姐，有阻挠者，杀！	5	1	158
77	合欢首登	254	3	-1	-1	5	弟子[ffee33]$N[-]听令，我们一雪前耻的时候到了，杀光这些自诩正道的家伙。	5	1	175
78	河阳支线-以身说法	15	5	21.24	66.45	2	老夫的卦可是准的狠，不信你问我孙女小环。	5	1	-1
		16					恩，偶尔会蒙对一次，嘻嘻	5	1	-1
		15					你不要听这丫头胡说。哼！小环你要把爷爷气死吗？	5	1	-1
		16					爷爷你是气不死的，我替你看过了，你可是长寿命。	5	1	-1
		15					呵呵，让少侠见笑了，见笑了。	5	1	-1
79	河阳支线-破解之术	16	5	21.26	67.75	2	破解九世劫煞需要找到三种人。	5	1	-1
		-1					哪三种人？应该不是随随便便三个人就可以的吧？	5	1	-1
		16					恩，当然，我记得古井的石壁上好像写的是一个穷凶极恶的人，一个乞丐，还有一个……	5	1	-1
		-1					是什么，你快说呀。	5	1	-1
		16					还有一个是妓女……	5	1	-1
		16					要至少转变这三个人中其中一人的命运，才能化解煞劫。	5	1	-1
80	河阳支线-不情不愿	-1	5	21.05	84.91	2	人命关天，你行行好，只要你不再欺负百姓，行善积德就行。	5	1	-1
		209					哈，你开什么玩笑，行善积德？行善积德有什么用？	5	1	-1
		209					我告诉你，人善被人欺，马善被人骑。	5	1	-1
		-1					人也不是一生下来就是凶恶的呀。	5	1	-1
		209					没错，老子原来也不这样，但是我受够了欺辱，再也不要过那样的日子了。	5	1	-1
		-1					哎，看来想说服他很难，先回城主那里想想其他办法。	5	1	-1
81	河阳支线-貌美如花	40	5	39.83	49.85	2	什么九世劫煞，听都没听过，唬人的吧？这年头骗子到处都是。	5	1	-1
		-1					我相信小环姑娘不会骗我。	5	1	-1
		40					就算她没骗你，我为什么要帮你呢？和老娘聊天也是要收费的哦。	5	1	-1
		-1					如果你能放弃现在的营生，本本分分的做点小买卖不也挺好么？	5	1	-1
		40					你说的容易，买卖那么好做么，我卖什么，卖豆腐？切！	5	1	-1
82	河阳支线-生辰八字	213	5	43.94	102.45	2	不知$N要算哪两位的姻缘？	5	1	-1
		-1					嗯，算如花和吕文才的。	5	1	-1
		213					你可有二人的生辰八字？	5	1	-1
		-1					这个……，我只有如花的，吕文才的倒是没有。	5	1	-1
		213					这小老儿可是无能为力了，必须有生辰八字方可算出。	5	1	-1
83	河阳支线-胸无大志	-1	5	11.58	90.83	2	如果你可以不做乞丐，你愿意么？	5	1	-1
		215					做乞丐有什么不好，无拘无束的，我的志向是要做高级乞丐。	5	1	-1
		-1					如果你有很多钱呢，你打算干什么？	5	1	-1
		215					有很多钱的话，我要买好多鸡屁股吃。	5	1	-1
		-1					……我是说很多很多钱。	5	1	-1
		215					那就买很多很多鸡屁股，剩下的钱讨个像如花那样的老婆。	5	1	-1
		-1					罢了，这也许就是你的命。	5	1	-1
84	空桑山-初探炼血	-1	31	25.3	113.3	2	这位大哥，我跟您…	5	1	-1
		492					别来这套，少套近乎，我问你，你鬼鬼祟祟的在我空桑大寨门口干什么？是不是炼血堂派来的奸细？	5	1	-1
		-1					炼血堂，这位大哥也知道炼血堂么？	5	1	-1
		492					知道？他们化成灰老子也能闻出来！一群不知从哪冒出来的鳖孙，哼！	5	1	-1
		-1					那，我能去拜访下你们大当家么？	5	1	-1
85	空桑山-炼血死敌	493	31	27.8	88.5	2	你想打探炼血堂？奶奶个熊的，你闲的没事儿了跑你老子这儿打探炼血堂？来呀，给我弄死这混球！	5	1	-1
		-1					大当家且慢！	5	1	-1
		493					你还有甚话说？别跟老子说那些乱七八糟的，说重点！	5	1	-1
		-1					（是你一直都没给我说话的机会…）我是奉师门之命，来探查炼血堂动向的，还请大当家多相助。	5	1	-1
		493					嗨，你早说呀！来来，坐！不管是啥，跟炼血堂过不去的就都是俺山寨的朋友！	5	1	-1
86	空桑山-相争空桑	493	31	27.8	88.5	2	想我带领山寨的弟兄们，在这空桑山苦心经营的时候，那群炼血堂的混蛋还不知道在哪喝西北风呢！	5	1	-1
		493					这会儿冒出来，就让我给他们当小弟，还他娘的趾高气昂的，也不看看他那副人模狗样的嘴脸！	5	1	-1
		-1					这么说，炼血堂还想吞并大当家的空桑山寨？	5	1	-1
		493					那可不，还说什么加入他们有大好处，我怎么就没看出来呢！我一生气就把他们派来那人赶走了！	5	1	-1
		-1					那敢问大当家，你知道炼血堂的老巢在什么地方么？	5	1	-1
		493					那俺可就不知道了，这空桑山深处神秘的紧，他们大概也躲藏在里面吧。	5	1	-1
		-1					多谢大当家，那我便起身去探探这空桑山深处，有什么秘密吧！	5	1	-1
87	空桑山-暗流涌动	494	31	10.77	73.93	2	看$S一直在和大当家打听炼血堂呀，殊不知我们大当家认死理儿，我还是劝$S不要多费口舌啦。	5	1	-1
		-1					是呀，敢问你是？	5	1	-1
		494					哎哟哟，$S，我是这山寨的师爷，你叫我常老三就好啦。我刚出去办事儿回来。刚我听娃娃们说$S要自己独闯空桑山呀？	5	1	-1
		-1					正是，我确实是要去空桑山深处闯荡历练的。	5	1	-1
		494					使不得，你这孤身只影的一个人闯空桑山，那是要出危险的呀。	5	1	-1
		494					不如，我给$S引见个人吧，他能保$S在空桑山里出入自如。	5	1	-1
		-1					三当家还认识这等高人？	5	1	-1
		494					那是，我跟你说，我可是认识炼血堂的林仙师呀，那个厉害，飞天入地！还不天天吃香的喝辣的！	5	1	-1
88	空桑山-人模狗样	-1	31	16.19	6.35	2	这位道爷，我是从空桑山寨来的，我们三当家点拨我说让我去找炼血堂的林仙师。	5	1	-1
		495					林仙师？！林锋个小兔崽子也配叫仙师？！我看你个小娃娃人模狗样的，以后跟着你野狗道爷混吧！	5	1	-1
		-1					（这炼血堂内部也不和谐呀，看起来这狗脸道人和那个什么林仙师林锋不和）	5	1	-1
		-1					那就多谢道爷了，只是不知道爷在这里做什么？	5	1	-1
		495					哼，年老大让我来收服这空桑山寨，这是给足了这群流寇面子，他们竟然还不从！	5	1	-1
89	空桑山-白衣飘飘-青云	-1	31	55.85	25.43	2	陆…陆师姐？	5	1	-1
		-1					原来是陆师姐，多谢师姐搭救。我受师父道玄真人之命前来空桑山历练，探查炼血堂的动向。	5	1	-1
		496					原来是掌门师伯的弟子。不必多礼了，你在这里可有什么发现了么？	5	1	-1
		-1					回师姐，还并没有什么线索，我也是刚刚踏入这死灵渊浮台。	5	1	-1
90	空桑山-白衣飘飘-青云	496	31	55.85	25.43	2	我叫陆雪琪。	5	1	-1
		-1					原来是青云山的陆师姐，多谢师姐搭救。我是天音寺弟子，受师尊普德大师之命，前来空桑山历练。	5	1	-1
		496					原来是天音寺普德大师的弟子，请不必多礼。你在这里可有什么发现了么？	5	1	-1
		-1					回师姐，还并没有什么线索，我也是刚刚踏入这死灵渊浮台。	5	1	-1
91	空桑山-白衣飘飘-鬼王	496	31	55.85	25.43	2	我叫陆雪琪。	5	1	-1
		-1					原来是青云山的陆女侠。我受师门之命前来探查炼血堂，师命在身，不能透露更多，还请师姐见谅。	5	1	-1
		496					无妨。你在这里可有什么发现了么？	5	1	-1
		-1					回师姐，还并没有什么线索，我也是刚刚踏入这死灵渊浮台。	5	1	-1
92	空桑山-白衣飘飘-合欢	496	31	55.85	25.43	2	我叫陆雪琪。	5	1	-1
		-1					原来是青云山的陆女侠。我受师门之命前来探查炼血堂，师命在身，不能透露更多，还请师姐见谅。	5	1	-1
		496					无妨。你在这里可有什么发现了么？	5	1	-1
		-1					回师姐，还并没有什么线索，我也是刚刚踏入这死灵渊浮台。	5	1	-1
93	空桑山-冒险卧底	498	31	104.57	116.92	2	从那群流寇那边过来的？他已经将那群流寇收服了么？	5	1	-1
		-1					并没有，只有我是野狗道爷引荐来投奔的。	5	1	-1
		498					这个成事不足败事有余的家伙！收服几个流寇这么简单的事儿都办不好！	5	1	-1
		499					所以说，还不如让我去，我保证让那些流寇对我服服帖帖的！	5	1	-1
		498					哼，对你服服帖帖的！这次遇到黑水玄蛇，要不是你强行出手，我们也不会被那玄蛇弄的如此下场！	5	1	-1
		499					年某人你这话什么意思！我是给你面子才叫你一声老大，你别太过分了！	5	1	-1
		500					好啦你们两个人，别争了！	5	1	-1
94	空桑山-再遇师姐	-1	33	18.08	10.61	2	我在外面遇到了鬼蝠的袭击，击败了鬼蝠后，在它的爪子上发现了一片衣衫的碎片。	5	1	-1
		-1					我认出是你的衣服上的，便循着鬼蝠的踪迹找到了这里。	5	1	-1
		659					原来是这样。	5	1	-1
		-1					你又是怎么找到这个洞窟的？	5	1	-1
		659					因为黑水玄蛇只出没在有重宝的地方。而这么多年过去了，它突然回到空桑山，让我感到很奇怪。	5	1	-1
		659					在我搜索之时，我发现了大量的鬼蝠，便跟着鬼蝠的踪迹来到了这附近，发现了这个洞窟。	5	1	-1
		-1					这个洞窟，看起来似乎是什么人的洞府，竟然修建的如此隐蔽，还处处透着一股诡异。	5	1	-1
95	空桑山-追忆往事	659	33	18.08	10.61	2	你看，这里还绣着小凡的名字！那日在死灵渊底受到玄蛇的袭击后，他就是躲在这个洞里逃生的么？	5	1	-1
		659					当日，难道那碧瑶也在这洞中？难道他们，便是缘起于此？	5	1	-1
		-1					你在说什么？	5	1	-1
		659					十年前我和小凡等人第一次下山历练，便是来到了这空桑山。那时，我们在这里遇到了年老大等人。	5	1	-1
		659					在激战中，小凡为了救我而被打落死灵渊，我也一起跌落了下来。在这里，我们遇到了黑水玄蛇。	5	1	-1
		659					那时，我们在玄蛇面前是那么的不堪一击，玄蛇扫尾激起地面上积水的浪花便把我们打散了。	5	1	-1
		659					我脱困之后，得知小凡并没有回来，便与师门的长辈们这里寻找了多时，也没有找到小凡。	5	1	-1
		659					直到在流波山上又见到了他。那时的他对在这里发生了什么三缄其口，便是在这洞中有了奇遇吧。	5	1	-1
		-1					原来这里还发生过这样的故事呀！	5	1	-1
96	空桑山-小池遇难	-1	31	106.17	6.41	2	这位老伯，你怎么一个人跑到这空桑山来了？	5	1	-1
		501					这说来就话长了呀…	5	1	-1
		501					我是附近小池镇的村民，我姓张，最近，我们镇子上一直在闹怪事儿，搞得大家民不聊生的啊！	5	1	-1
		-1					张老伯，您慢慢说，别着急。	5	1	-1
		501					最近镇上的人家，经常丢牲口，还闹鬼！赵家老二前些日子出村去办事儿，这都快一个月没回来了！	5	1	-1
		-1					那您这是来逃难的么？	5	1	-1
		501					嗨！不是！我们镇子啊，十年前也遭过妖精，但是有三位神仙，从空桑山的方向过来的，救了我们。	5	1	-1
							这次镇子里出事儿，我就自告奋勇来这寻人来了！谁知道，才刚刚踏进这里，就让一群人给抢了！	5	1	-1
97	{0}熟络同门	70	6	36.96	63.83	2	新一代弟子中的佼佼者，你要多和他们走动，增近下感情。	5	1	-1
		-1					是，不知师兄说的是哪几位？	5	1	-1
		70					龙首峰齐昊、小竹峰陆雪琪、还有风回峰的曾书书。	5	1	-1
		-1					哦，师兄说的可是上届七脉会武前三名的几位，我可是仰慕他们好久了。	5	1	-1
		70					恩，正是他们几个，本来还有一位张师弟，可惜……	5	1	-1
98	{0}神魔异志	82	6	88.08	36.98	2	《神魔志异》三眼灵猴：西方须弥山所出，聪慧顽劣，寿逾千载，遂开灵目，能见千里，能御草木土石。	5	1	-1
		-1					这么稀罕的灵兽，恐怕天下也没有几只吧？	5	1	-1
		82					要不说小凡是走了狗屎运呢。	5	1	-1
		-1					师兄，这《神魔异志》又是什么？你懂的可真多！	5	1	-1
		82					《神魔志异》乃上古奇书，记载天地异像，奇珍瑰宝，珍禽异兽。原书十篇，可惜现仅存世四篇。	5	1	-1
99	{0}担心师弟	83	6	91.73	81.64	2	惊羽是师父一手带大的，将斩龙剑也传给了他。如今师父叛离，师弟怎能不伤心。	5	1	-1
		-1					说的也是，事情太突然，对他打击太大了。	5	1	-1
		83					要说打击，也许张小凡离开师门对他的打击更大。	5	1	-1
		-1					是啊，两个相依为命的兄弟，就这样被分开了，今后是敌是友也说不定。	5	1	-1
100	{0}剑曰斩龙	72	6	96	117	2	你是来寻惊羽的吧？	5	1	-1
		-1					回前辈，晚辈正是受齐昊师兄所托来寻惊羽师兄的。	5	1	-1
		72					放心吧，惊羽不会出事的，他在我这里很好。	5	1	-1
		-1					不知前辈如何称呼，我也好回去禀明师兄。	5	1	-1
		72					哈哈哈，连我自己都忘记我是谁了，外面谁还会记得我？不提也罢。	5	1	-1
		-1					好吧，前辈。上次和惊羽师兄过招，他的剑好厉害，是极品法宝吧？	5	1	-1
		72					哈哈哈，你倒是很机灵，告诉你也无妨。他用的是斩龙剑。	5	1	-1
		-1					斩龙剑？ 好威武的名字。	5	1	-1
		72					斩龙剑，取南疆极苦之地万载绿晶所铸，剑成之日天有雷鸣，落雨似龙血，故名之：斩龙。	5	1	-1
101	{0}醍醐灌顶	72	6	96	117	2	现在和你说这些，你也许并不明白，等你在江湖上闯荡一番当有所悟。	5	1	-1
		-1					前辈教我，晚辈定当铭记于心。	5	1	-1
		72					好孩子，我看你对宝剑很有兴趣，我略懂铸剑的方法，你可有兴趣听？	5	1	-1
		-1					晚辈求之不得，愿闻其详。	5	1	-1
102	{0}淬火回火	72	6	96	117	2	相对与淬火，还需有回火一道工序。	5	1	-1
		-1					回火？就是淬火之后还要再加热剑身？	5	1	-1
		72					不错，淬火是坚强硬度和锋利性。而回火是为了减少剑身淬火时产生的裂缝。	5	1	-1
		-1					我懂了，多谢前辈。	5	1	-1
		72					恩，今后若遇到天材地宝你可用这法子铸一把属于自己的剑。	5	1	-1
103	{0}祭奠亡灵	73	6	98.2	116.3	2	草庙村真相揭开了，小凡走了，那些枉死冤魂却无处伸冤。	5	1	-1
		-1					逝者已矣，师兄节哀。	5	1	-1
		73					哎……多说无益，还是为逝去的人做点事吧，你愿意一起吗？	5	1	-1
		-1					师兄尽管吩咐，我愿尽微薄之力。	5	1	-1
104	天音支线-佛迹玉壁	225	10	58.08	53	2	我寺后山有一佛迹，高逾七丈，光滑似玉。便是当年开派祖师在这须弥山中迷路困境下，偶然寻得。	5	1	-1
		225					祖师在此玉壁下坐了三日三夜，心安而神定，遂入我佛门之中大圆满境地，更悟出真法大梵般若。	5	1	-1
		225					你可愿意去那玉壁之下参悟一番？	5	1	-1
		-1					弟子不甚惶恐！谢师兄有心倚重！	5	1	-1
105	天音支线-谆谆教诲	-1	10	5.3	79.95	2	尊者，弟子不明白…	5	1	-1
		231					人心中有念，人不同，念则不同。莫因执念生妄念，妄念动绝心…	5	1	-1
		231					孩子，你那惠静师兄，便是因善入了执念，发下以杀止杀的誓言。	5	1	-1
		231					于是痴儿惠静，注定无法成佛…现在活着的，只有鬼王宗的杀生和尚罢了。	5	1	-1
106	天音支线-新鲜玩意	-1	10	117.78	99.45	2	正是…这方方正正，用纸糊的东西，是啥呀？	5	1	-1
		229					这东西，叫孔明灯。把心愿写在里面，它就能带着这愿望飞啊，飞啊，也许有一天能让佛祖看到呢！	5	1	-1
		229					之前以为你出事，便拜托道衍师兄做了一个，打算为你祈福来着。如今你安全归来，倒也没用了…	5	1	-1
		-1					怎么会没用！当然有用了，师父师父，这孔明灯能送给我么？	5	1	-1
		229					你从小就喜欢这些新鲜玩意儿，拿去吧！小心别烧着自己！	5	1	-1
		-1					谢师父！	5	1	-1
107	天音支线-同门情谊	-1	10	76.97	43.28	2	观棋师弟？师弟？…	5	1	-1
		232					（突然回过神来）啊…方才是在叫我么…抱歉…	5	1	-1
		-1					师弟怎么了？看起来脸色不好，可是内里受了什么伤？来，让我看看。	5	1	-1
		232					没，没，是你这么关心小僧，让小僧想起了故去的旧人，有些伤怀罢了。	5	1	-1
		-1					既然大家同为一门，以后也就是一家人。斯人已逝，当珍惜当下开心活着，也算是告慰那些旧人！	5	1	-1
108	天音支线-时机未到	-1	10	110.28	57.56	2	恩，只是受了些皮外伤，不碍事的。	5	1	-1
		228					那就好…相信你来了这么久，应该也听说了普智师叔的事情了吧。	5	1	-1
		-1					恩，略知一二。	5	1	-1
		228					这观棋小弟子想拜入普智师弟门下的心思，我们这些做师叔的怎会不知。	5	1	-1
		228					只是谁都不知道，是否当把真相说与他。那时，他的心境又会如何…	5	1	-1
109	河阳隐藏-捉迷藏	-1	5	66	92	2	小孩你怎么在这啊？	5	1	-1
		47					嗯……我和唐棠、彬彬捉迷藏，藏在这他们找不到我。	5	1	-1
		-1					你自己上到这么高的？	5	1	-1
		47					一个怪叔叔带我飞上来的。这里好高，景色好漂亮哦。	5	1	-1
		-1					你不去找你的小伙伴了吗？	5	1	-1
		47					对哦，不过时间还早，我要再玩一会，不可以告诉他们两个哦。	5	1	-1
110	支线-狐岐山-一见钟情	243	11	53.63	55.46	2	当年，宗主还尚未创立鬼王宗，只是圣教中一位资质上佳的青年。	5	1	-1
		243					化名“万人往”出外游历，与偷跑下山的小痴一见钟情…	5	1	-1
		243					宗主英年才俊，又饱读诗书，小痴被宗主的才情所折服，芳心暗许。	5	1	-1
		-1					想必夫人年轻时也是貌美过人的！	5	1	-1
		243					不错，碧瑶小姐有七分像夫人就已惊为天人，夫人年轻时更是倾国倾城。	5	1	-1
		-1					可惜狐岐山一役，夫人香消玉损，我没有机会再见夫人芳容了。	5	1	-1
111	支线-狐岐山-关怀备至	246	11	13.55	9.71	2	我听说…凌烟那小丫头受了伤，她没…没事吧？	5	1	-1
		-1					不碍事，只是意外扭伤了脚，休息几日便无碍了！	5	1	-1
		246					这丫头就是心善，在这狐岐山上还好，以后外出定要被人欺负的！	5	1	-1
		-1					和尚，你似乎很是关心小凌烟啊？（坏笑）	5	1	-1
		246					没…没有…谁关心她了！（严肃脸）我杀生和尚从来都是莽撞无情，才不会顾忌其他人！	5	1	-1
112	支线-狐岐山-陈年旧事	-1	11	13.55	9.71	2	送去嘛~倒也不是不行，不过你要告诉我，为何你如此关心烟儿？	5	1	-1
		246					谁关心她了！宗主伤了我也关心，副宗主伤了我还关心！大家都是同门，仅此而已…	5	1	-1
		-1					哦…你不说就算了，自己送去吧！	5	1	-1
		246					别，别，别！我告诉你还不行，但是你要答应，替我保密！	5	1	-1
		246					我自幼孤苦，只有一个妹妹相依为命，不曾想年幼的妹妹却被奸人掳走，至今生死不明。	5	1	-1
		246					那凌烟丫头与我妹妹年纪相仿，又有几分相似，我便不自觉的关心起她来…	5	1	-1
113	支线-狐岐山-另有隐情	467	11	38.31	52.69	2	烟儿自幼父母双亡，只有一个疼爱我的哥哥。	5	1	-1
		467					村子不太平，总有山贼烧杀抢掠，有一次哥哥外出打猎，山贼就把我掳上山，还把我关在寨子里。	5	1	-1
		467					幸亏碧瑶姐姐路过把我救了出来，还带我回狐岐山。	5	1	-1
		-1					那…你后来没有去找你哥哥么？	5	1	-1
		467					安定下来后，我曾回村子寻找哥哥，但村子已被烧成废墟，哥哥也不知所踪…	5	1	-1
		467					杀生和尚虽然看起来凶凶的，但是烟儿总觉得和他有一种很熟悉的感觉！	5	1	-1
		-1					（说不定烟儿真的是杀生和尚失散多年的妹妹呢！）烟儿你好好休息，等你伤好了，我带你下山去玩！	5	1	-1
114	支线-狐岐山-芳心暗许	-1	11	53.63	55.46	2	幽姨，玄武使者托我来看看，你最近闷闷不乐，可是身体不适？	5	1	-1
		243					没有，我并非身体不适，只是想起了…一位故人，有些伤怀罢了。	5	1	-1
		243					那时候他一袭白衣，一人一剑，就那么闯入了圣殿。他虽做事荒唐，还摘下了我的面纱，眼中却无半分轻薄之意。	5	1	-1
		-1					你说的可是青云山的那位…万…？	5	1	-1
		243					不错，我与他虽阵营不同，却也敬重他的胆识，只是没想到…	5	1	-1
115	支线-狐岐山-相忘江湖	-1	11	53.63	55.46	2	圣殿一役后，幽姨可曾再见到他？	5	1	-1
		243					多年前我曾经夜探青云山，只为再见他一面。	5	1	-1
		243					但到了青云山后才得知，他已被道玄处死，罪名竟然是弑师！	5	1	-1
		243					他那么逍遥那么洒脱的一个人，怎么可能做出弑师这种事情？	5	1	-1
		-1					事情都过去那么多年了，幽姨也看开些，莫要苦了自己…	5	1	-1
		243					是啊，这么多年过去了，若他泉下有知，以他的性子，定也不会计较这些了。	5	1	-1
116	支线-狐岐山-父女情深	-1	11	53.6	80.05	2	玩偶好可爱，但是宗主为何请你收集这个？	5	1	-1
		241					这个就说来话长了，在碧瑶小姐还是小女孩的时候，夫人曾亲手给她做过一只白狐玩偶。	5	1	-1
		241					夫人仙逝后，宗主伤心至极，烧掉了所有和夫人有关的物件。	5	1	-1
		241					冷静下来虽后悔不已，但那只玩偶却再也找不回了。	5	1	-1
		-1					那碧瑶小姐岂不伤心死了…	5	1	-1
		241					大小姐为此整整哭闹了一天，父女俩的关系也愈发生疏了。	5	1	-1
		241					从青云山回来后，宗主就命我收集市集中的各种玩偶，希望尽力补偿女儿，也希望小姐醒来后第一眼就能看到它们…	5	1	-1
		-1					但愿碧瑶小姐早点醒来，不要再让宗主和副宗主伤心了。	5	1	-1
117	支线-狐岐山-触景伤情	239	11	75.72	6.78	2	山海苑初遇，她摘了那花，就是那花的荣幸，她喜欢这些玩偶，是不是也是这玩偶的荣幸？	5	1	-1
		-1					碧瑶小姐说是，那定是这样。	5	1	-1
		239					只要她能醒来，何止一朵花，一个玩偶，就是天上的星星月亮，只要她开口，我也定会为她寻来，博她一笑的。咳咳咳…	5	1	-1
		-1					副宗主，你也要保重身体才是，碧瑶小姐也会心疼您的。	5	1	-1
		239					是，我要保重身体，还有那么多事情没有做，我不可以倒下！	5	1	-1
118	合欢-剑中神器	254	12	107.96	65.63	2	你一定听过天琊神剑吧？	5	1	-1
		-1					听过，传说是九天异铁炼制的仙剑，天琊出鞘，蓝光流转，剑气凌绝。	5	1	-1
		254					墨雪天琊古来并称剑中神器，然而大多数人只知天琊，不知墨雪。	5	1	-1
		254					这墨雪剑本为我上代长老长春翁佩剑，长春翁乃圣教难得的人才，却因一桩违逆宗门的姻缘断送了前程。	5	1	-1
		-1					原来还有这等往事，只是不知为何欢喜婆婆如此着紧墨雪这柄仙剑？	5	1	-1
		254					当年春翁行走江湖时遇见青云真鄂仙子惊为天人，陷入苦恋，他偷偷去找真鄂，没想到竟被这些自诩正道的败类偷袭重伤。	5	1	-1
		-1					我似乎明白了，怪不得欢喜婆婆交代我的时候有点愠怒。	5	1	-1
		254					长春翁重伤回到宗门，欢喜婆婆尽心伺候，但最后还是殒命在她怀中，墨雪也留在了青云，哎……	5	1	-1
119	合欢-妙不可言	263	12	101.2	118.17	2	什么？看来宗主很是信任你啊，连这些事都和你说了！	5	1	-1
		-1					其实，其实也没说什么（心虚状）	5	1	-1
		263					哼，没想到宗主这么八卦，那就怪不得婆婆也多嘴了，呵呵呵	5	1	-1
		-1					……（这情绪转的还真是快）	5	1	-1
		263					你可知宗主为何被称为三妙夫人？	5	1	-1
		-1					晚辈不知，请婆婆赐教。	5	1	-1
		263					哈哈哈，这个么，第一武器绝妙、第二身世奇妙……	5	1	-1
		-1					还有一妙呢？前辈	5	1	-1
		263					呵呵呵，第三妙只可意会不可言传，你自己想吧。	5	1	-1
120	合欢-宗主之女	262	12	103.1	83.94	2	你刚入门不久还不知道，其实兰师妹是宗主嫡出，不过这事大家心照不宣。	5	1	-1
		-1					不会吧？师姐，你怎么知道的？	5	1	-1
		262					这是婆婆偷偷告诉我的，让我处处都要让着这个师妹，不可斥责。你可别到处嚷嚷啊，此事还是保密的好。	5	1	-1
		-1					哦，师姐放心，我会守口如瓶的。	5	1	-1
121	合欢-香从何来	263	12	101.2	118.17	2	当年祖师从中州的一个山洞发现了这无名之花便将之带回了逍遥涧。	5	1	-1
		-1					中州是什么地方？	5	1	-1
		263					婆婆一辈子没有出过逍遥涧，我也不知道！	5	1	-1
		-1					哦，那这花有什么独特之处么？	5	1	-1
		263					你仔细闻闻。	5	1	-1
		-1					好香啊，这香气沁人心脾，放佛从毛孔直钻到心里。	5	1	-1
		263					没错，正是这异香引来许多花魅，再经花魅授粉繁育，呵呵，如今已满园芬芳了。	5	1	-1
122	合欢-茶之薪火	257	12	39.79	17.8	2	茶性不耐劳，炒不宜久。多取入铛，则手力不匀，久于铛中，过熟而香散矣。	5	1	-1
		-1					呃，没想到这制茶竟如此繁复。	5	1	-1
		257					这才刚刚开始而已，善茶者陶冶情操，你细心听了。	5	1	-1
		-1					是，师姐请讲。	5	1	-1
		257					炒茶之器，最嫌新铁。铁腥一入，不复有香。尤忌脂腻，害甚于铁。	5	1	-1
		-1					这个我懂了，就是说炒茶不能用新铁，也不能用有油腻的老铁，对吧？	5	1	-1
		257					孺子可教。炒茶之薪，仅可树枝，不用杆叶。杆则火力猛炽，叶则易焰易灭。	5	1	-1
123	合欢-茶之品茗	257	12			2	孺子可教。炒茶之薪，仅可树枝，不用杆叶。杆则火力猛炽，叶则易焰易灭。	5	1	-1
124	合欢-诗之习咏	256	12	84.75	65.46	2	第一步，要多看，多看便是要多读古诗，他人之作。感受诗韵律意境，君子之气。	5	1	-1
		-1					恩，我记下了，师兄。	5	1	-1
		256					这第二步嘛，要多观察，于细微之处感悟身边景物。做到这一步可不容易哦，届时你的感观会非常丰富，见山不是山，见山还是山。	5	1	-1
		-1					好深奥啊，我一会去看看桃花坪的猴子去，看能看出什么来不。	5	1	-1
		256					噗，你还真有想象力，见猴不是猴么？亏你想的出来。	5	1	-1
		256					这第三步便是由感而发了，抓住内心瞬间的感觉，赋予准确的言辞修饰，多多练习。	5	1	-1
		-1					多谢师兄教诲。	5	1	-1
125	空桑山-鬼蝠偷袭	-1	31	68.22	104.6	2	这鬼蝠爪子上抓的是什么？看起来是衣服的碎片…	5	1	-1
		-1					这！这似乎是陆雪琪师姐的衣服上的，难道她出事儿了？不行，我得去帮她，这鬼蝠，是从哪里飞过来的？	5	1	-1
126	小池镇-主线-怪事不断	525	4	28.56	29.91	2	少侠我跟您说，真是见了鬼了呀！我们镇上最近家家都丢牲口啊！我们家老母鸡刚孵出来的小鸡，一晚上就少了3只！	5	1	-1
		525					我心说这么个丢法可不行，就把老母鸡和小鸡仔都关在房间里，我盯着它们，总不会丢了吧！结果呢，我就一眨眼的功夫，小鸡就少了一只！就在我眼前啊！	5	1	-1
		-1					这…确实很诡异啊，还有什么其他的事情么？	5	1	-1
		525					有，多了，前几天老吴走在大街上，走着走着，就被人把衣服换成女人的衣服了，害的老吴在家好几天都不敢出门！	5	1	-1
		-1					（这怎么感觉像是小孩子的恶作剧呢…但是，是什么人能这样神不知鬼不觉的做这样的事情呢？）	5	1	-1
		525					对了，还有个事儿，李大哥出门办事儿，走了好多天了，都没回来，音信皆无的！他婆娘每天站在门口等着，眼睛都哭肿了，看着真是让人揪心啊！	5	1	-1
127	小池镇-主线-当年往事	525	4	28.56	29.91	2	大概十年前，我们小池镇，也遭过一次劫难啊！那时候，镇上闹了狐妖，家家都丢牲口。后来更是变本加厉，夜夜俱来，掠去牛羊家禽无数！	5	1	-1
		525					更有甚者，那王家父子为了家中最后一头牛而反抗，竟不幸死在那妖孽手上！镇长只得张榜寻贤，除去那妖孽。后来便有三位仙人下凡，收服了那妖孽！	5	1	-1
		-1					这小池镇上竟然还有这样的故事，那后来呢？那三位仙人怎样了？	5	1	-1
		525					后来我们镇上事情平息了，那三位仙人也就离开了。我们为了表示感谢，还在镇里立了三位仙人的石像呢！现在还有很多镇上的人每天都去上香以表感谢呢。	5	1	-1
		-1					哦？那我也要去参拜一下才好！	5	1	-1
128	小池镇-主线-招募壮士	531	4	56.26	48.98	2	最近镇上闹怪事儿，家家都丢牲畜，我和范秀才合计，应该是外面的野狐作祟！有壮士愿意为民除害，驱除野狐么？	5	1	-1
		531					没有人么？我愿意以镇长的名义，给为民除害的人奖励！	5	1	-1
129	小池镇-主线-自告奋勇	-1	4	56.26	48.98	2	我奉师门之命，下山历练，在空桑山时遇到了茶铺老板，听说小池镇遇到了怪事，便赶来看看。刚刚听说镇长招募义士驱除镇外的野狐，我愿意前往！	5	1	-1
		531					真…真的么！那真是太好了！我愿意为少侠奉上丰厚的报酬！	5	1	-1
		-1					报酬就免了，先告诉我野狐一般在哪里出没吧。	5	1	-1
130	小池镇-主线-难言之事	531	4	56.26	48.98	2	其实，我和秀才都觉得，镇上最近出的事情太过诡异，肯定不是野狐所为，但是为了安抚大家，我也只能先找出一个替罪羊了。	5	1	-1
		-1					那么，镇长还有其他什么信息没和大家说？	5	1	-1
		531					是呀，我不敢说呀！前几天从北面回来的村民曾经和我说，镇外的树林里在闹狐妖！这些狐妖都会法术，我们这些凡夫俗子怎么可能是对手…	5	1	-1
		531					少侠能不能给外面游荡的那些狐妖一些教训！让他们不敢再来骚扰我们镇上的人呢？	5	1	-1
		-1					好吧，我试试看。	5	1	-1
131	小池镇-主线-石头仙人	-1	4	15.6	68.98	2	你刚刚似乎魔怔了，一直在说胡话，到底发生了什么？	5	1	-1
		532					原来是我魔怔了…发生了什么…似乎…咦？石头仙人！您是石头仙人！您是回来解救我们的么？ 	5	1	-1
		-1					石头仙人？难怪这陌生人看着这么眼熟，原来是仙人石像中的一人。	5	1	-1
		533					是俺，俺听说小池镇又出怪事儿了，就回来看看， 哪知道刚到这里就看到你魔怔了…	5	1	-1
		532					多谢石头仙人救命之恩！多谢石头仙人的救命之恩啊！也请石头仙人救救我们小池镇吧！	5	1	-1
		533					这镇上的事情听起来确实蹊跷…但是我一时间也没有什么想法。	5	1	-1
		532					啊！啊！鬼！鬼又来了！	5	1	-1
132	小池镇-主线-害羞狐仙	534	4	16.71	72.73	2	那个…我之前做了好多恶作剧…似乎给大家带来了很多困扰…	5	1	-1
		-1					似乎是呢，你想让我帮你做什么呢？	5	1	-1
		534					嗯…你能帮我去和大家道歉么…	5	1	-1
		-1					嗯，可以呀。	5	1	-1
133	小池镇-主线-大人大量	532	4	15.6	68.98	2	小七这孩子孤苦伶仃的，我看他可怜，所以有个打算，想收他进我书院读书	5	1	-1
		-1					真的么？那真是太好了！小七听到也会很高兴的！	5	1	-1
		532					但是还有些事情需要麻烦少侠提前准备一下。	5	1	-1
		-1					有什么我能帮上忙的，请您吩咐！	5	1	-1
134	小池镇-主线-另有担忧	-1	4	21.58	71.31	2	不知你在担心什么？	5	1	-1
		533					我总觉得，小镇上发生的怪事，没有这么简单，却又没有眉目，所以打算去镇外再探索一番。	5	1	-1
		-1					原来如此，那我和你一起前去吧？	5	1	-1
135	小池镇-主线-劝说小七	-1	4	16.71	72.73	2	小七，去黑石洞里，可能会遇到危险，你先不要去了好不好？	5	1	-1
		534					不要！那里以前是我家！我要去我要去！	5	1	-1
		-1					这样好不好，你现在村里和被你恶作剧的村民道歉，我去探探路，如果没危险了我就回来带你一起去，好么？	5	1	-1
		534					嗯…好吧！一言为定！	5	1	-1
136	小池镇-主线-寻求帮助	-1	4	21.58	71.31	2	这树林果然有诡异，里面的动物都发狂了。我还遇到了一个神秘人的袭击！	5	1	-1
		533					这！少侠无碍吧？是我大意了，应该与少侠同去的。	5	1	-1
		-1					这倒无妨，但是在树林深处有一处禁制法阵，我无法破开，也许里面就是树林秘密所在了！	5	1	-1
		533					树林深处？那不就是黑石洞么？难道那里出现了什么异变？	5	1	-1
		-1					不知你有什么法子能破开那个禁制么？	5	1	-1
137	小池镇-主线-小镇新家	-1	4	16.71	72.73	2	小七你别着急，听我和你说。	5	1	-1
		-1					黑石洞你可能回不去了。我看那边洞穴入口已经无法进入了，周围还有奇怪的魔气外露，导致周围的动物都发狂了！	5	1	-1
		-1					好啦，没关系，你在小镇上不是也很好么，这里是你新的家呀！你在书院好好读书，好不好？	5	1	-1
138	小池镇-主线-拜别焚香	-1	4	31.4	66.21	2	众位师兄，我刚从黑石洞回来。	5	1	-1
		537					如何，可有什么玄火鉴的线索？	5	1	-1
		-1					并没有发现，而且黑石洞整个被魔气侵染，已经无法进入了。	5	1	-1
		537					如此说来，仍然是没有玄火鉴的下落啊！辛苦少侠了！对了，有一事不知少侠可否听说？	5	1	-1
		537					最近传言流波山发生了怪事，各大门派都派出弟子前往探查，不知少侠是否感兴趣？	5	1	-1
		-1					在下还并没有听说此事，多谢师兄相告了！	5	1	-1
139	空桑山-支线-内忧外患	493	31	27.8	88.5	2	山寨里现在能打能战的兄弟虽不足百人，但也都是有血性的汉子！	5	1	-1
		-1					是，弟兄们定不负当家的厚望。	5	1	-1
		493					哎…小弟们尚且知道为保护寨子而战，常师爷那厮竟然投靠了炼血堂！	5	1	-1
		-1					当家的不必担心，兄弟们都在，炼血堂不足为惧！	5	1	-1
140	空桑山-支线-反目成仇	-1	31	27.8	88.5	2	既然当家的与那常师爷曾经是拜把子的兄弟，为何现在…？	5	1	-1
		493					还不都是因为一个女人！	5	1	-1
		493					那女人与我青梅竹马，我本打算三媒六聘娶她过门，没想到她竟与常师爷行苟且之事！	5	1	-1
		493					我一怒之下与常师爷恩断义绝，从此反目成仇。	5	1	-1
		-1					那后来呢？	5	1	-1
		493					哼！出了这事怎么有脸待在村里，据说是远走他乡，反正后来我再也没见过她！	5	1	-1
141	空桑山-支线-冰释前嫌	494	31	10.77	73.93	2	[ffee33]$N[-]，你说是兄弟重要还是女人重要？	5	1	-1
		-1					在我看来，二者都重要！	5	1	-1
		494					要是小芳还在，想必我和大当家的关系现在也不是这样了。	5	1	-1
		-1					小芳是？	5	1	-1
		494					村里有个姑娘叫小芳，是大哥要娶回家的女人。	5	1	-1
		494					小芳得了绝症，命不久矣，她求我帮她让大哥死心。我们之间…咳，就那样了！	5	1	-1
		-1					额…难怪你们现在水火不容。	5	1	-1
		494					后来小芳死了，我答应她把这个秘密带进棺材，绝不告诉大哥。	5	1	-1
		494					想来这么多年，大哥定是恨死我了。	5	1	-1
142	空桑山-支线-自小孤苦	-1	31	16.19	6.35	2	（低头服小状）道爷找我有何吩咐？	5	1	-1
		495					[ffee33]$N[-]，你看我这面容可是害怕？	5	1	-1
		495					我这一生，终将与这副面容相伴了。	5	1	-1
		495					我从小被遗弃，从来没有感受过半分人间温暖。	5	1	-1
		-1					道爷要为自己而活，不必在意他人的目光！	5	1	-1
		495					不错！既然上天让我野狗活了下来，我定要活出个样子。	5	1	-1
143	空桑山-支线-涌泉相报	-1	31	3	11	2	这位老人家，前几日您是不是救了一位重伤的道爷？	5	1	-1
		552					不错，他那时候伤的可真重啊，还好这山间草药丰富，暂时帮他止住了血。	5	1	-1
		-1					老人家，这位道爷已经无碍了，谢谢您的救命之恩！	5	1	-1
		552					他怎么不亲自来道谢？	5	1	-1
		-1					那位道爷…长得有些丑陋…他怕您老人家看到了害怕，所以托我来转达谢意！	5	1	-1
		552					这孩子…何必在意这副皮囊…本性才是最重要的！	5	1	-1
144	空桑山-支线-暗送秋波	-1	31	108.64	115.25	2	这位…姐姐，可是在叫我？	5	1	-1
		500					哎呦~姐姐？~哦呵呵呵，你这娃娃嘴真是甜呐！	5	1	-1
		-1					（这女人的魅术好生厉害，千万不可被她迷了心智！）	5	1	-1
		500					奴家这都对你暗送秋波了，你就不抬头看一眼奴家么？	5	1	-1
		-1					秋波？秋天的菠菜？没想到这万蝠古窟的伙食还挺好的！	5	1	-1
		500					……你！！都是一群不解风情的烂木头！	5	1	-1
145	空桑山-支线-欢喜冤家	500	31	108.64	115.25	2	哼！这林锋气死我了！气死我了！气死我了！	5	1	-1
		-1					不知道这林锋怎么惹姐姐不高兴了？	5	1	-1
		500					我跟他说我身子不适，他居然让我多！喝！热！水！	5	1	-1
		-1					这……（⊙﹏⊙）b	5	1	-1
146	空桑山-支线-阴错阳差	499	31	107.02	116.42	2	（打开包裹，脸色瞬间变绿）	5	1	-1
		499					（怒！）你可知你拿给我的是什么？	5	1	-1
		-1					这是她贴身的东西，你一看定能明白。	5	1	-1
		499					（大怒！）她让你拿来的时候可说了什么话？	5	1	-1
		-1					她说“你想要便留下，不想要的话，多少人排队抢呢”	5	1	-1
		499					（暴怒！）你也想要么？	5	1	-1
		-1					这物件千金难寻，我看着就心痒，自然是了！	5	1	-1
147	空桑山-支线-过河拆桥	-1	31	107.02	116.42	2	请听我解释，我取包裹的时候确实不知道里面…里面是她的肚兜！	5	1	-1
		500					（匆匆赶来）峰哥~~你怎么受伤了？	5	1	-1
		500					[ffee33]$N[-]，好大的胆子，谁叫你打伤他的？马上滚！不然我叫你好看！	5	1	-1
		-1					……	5	1	-1
		499					（对美艳少妇）小乖乖，这里破了，要吹吹！	5	1	-1
		500					峰哥~吹吹，不痛啊！	5	1	-1
		-1					……（这二人关系果然不简单！这个也要如实回禀掌门）	5	1	-1
148	焚香谷-诡异红光	554	40	22.63	5.5	2	天帝宝库一别，不知她如何了。你可曾见到她？	5	1	-1
		-1					匆匆赶来，不曾见到。	5	1	-1
		554					想来也是，是我痴愚了。	5	1	-1
		-1					有正道诸多师兄弟在侧，料想陆仙子应无大碍。	5	1	-1
		554					正道，哼—是呵，我又有什么资格过问了。	5	1	-1
		-1					这……	5	1	-1
149	焚香谷-孙图口供	557	40	23	52.4	2	哎哟，哎呦，大侠别打了。我叫孙图，来这里是给吕顺师叔和鱼人族长做传译的。	5	1	-1
		-1					你们师叔找鱼人族长所为何事？	5	1	-1
		557					小的是内急才出来方便，正要回去给他们翻译，大侠若愿意，匿在旁边一听便知。	5	1	-1
		-1					堂堂三大正道巨擘之一，居然和鱼人勾结。	5	1	-1
150	焚香谷-古刹夜话	-1	40	22.63	5.5	2	…………	5	1	-1
151	焚香谷-和盘托出	-1	40	43.89	17.57	2	你为什么要杀了那个鱼人？	5	1	-1
		555					那些鱼人不仅害了鬼厉公子部属， 也害了我的手下，我这么做，也是为了给公子出一口气啊。 难道你来的时候他没告诉过你吗？	5	1	-1
		-1					姑娘的手段，在下可当真佩服得紧，斗胆猜测一二，姑娘此番杀这鱼人，可是想嫁祸于焚香谷？	5	1	-1
		555					哪里哪里，瓶儿这点心思可不都被你看穿了么？（说完金瓶儿捂嘴娇笑不已）	5	1	-1
		-1					怎么，姑娘也有此意么？	5	1	-1
152	焚香谷-山野烧烤	-1	40	43.89	17.57	2	小灰，你怎么没跟你主人一起去？	5	1	-1
		265					吱吱……	5	1	-1
		265					猴语：哈哈哈……连烤肉都不会……哈哈……都烤糊了……哈……不行了……笑……笑死本宝宝了。	5	1	-1
		555					（紫芒刃出现在手中）你个死猴子……	5	1	-1
		-1					金仙子，手下留猴啊，那可是鬼厉的宝贝。我来帮你烤肉吧。	5	1	-1
153	焚香谷-享用美味	555	40	43.89	17.57	2	呀！	5	1	-1
		-1					…………	5	1	-1
		555					（半晌后讪讪道）我一不小心，被烫了一下……	5	1	-1
		-1					…………	5	1	-1
		555					（笑了一下）你好手艺啊，一只普通兔子，竟然也能被你烧烤的如此美味！我这辈子，还从没吃过这么好吃的兔子呢！	5	1	-1
154	焚香谷-探查动静	-1	40	-1	-1	2	…………	5	1	-1
155	焚香谷-入侵之物	-1	40	-1	-1	2	…………	5	1	-1
156	焚香谷-证明身份	-1	40	51.16	123.58	2	你是谁？为何被缚于此？	5	1	-1
		560					别说我不知道玄火鉴在哪，就算我知道也不会告诉你的。咦，你不是焚香谷弟子？	5	1	-1
		-1					自然不是，姑娘但说无妨。	5	1	-1
		560					你怎么证明你不是，我才不会那么容易上当好么！	5	1	-1
157	焚香谷-来龙去脉	-1	40	51.16	123.58	2	现在可以告诉我你是谁了吧？	5	1	-1
		560					我叫小倩，是六尾灵狐。三百年前族长率领我们来此盗取一件叫做玄火鉴的宝贝，却没能成功。我们死的死、伤的伤，还有许多被抓的，族长也失去了消息。	5	1	-1
		-1					我怎么才能救你出来？	5	1	-1
		560					我亦不知，只知这法阵以极阳之火掣我狐族极阴体质。	5	1	-1
		-1					姑娘稍安，我来想想办法。	5	1	-1
158	焚香谷-小白疑惑	559	102	16.08	23.57	2	我儿小六呢？是不是你杀了它，然后取了‘玄火鉴’？	5	1	-1
		1336					你说的小六，是不是一只有六条尾巴的六尾灵狐？	5	1	-1
		559					你果然见过它！	5	1	-1
		1336					十年前我与朋友前去黑石洞除妖，遇到了三尾妖狐。三尾妖狐见事不可为，自杀而亡。你口中的小六亦决意自尽，临死前将玄火鉴绑在了我的手上。	5	1	-1
		1336					害死你儿子的，也有我一份。日后你有机会，尽管来杀我好了。	5	1	-1
		559					它能够把玄火鉴给你，我是它的母亲，难道还不知道它那时的心意么？	5	1	-1
		1336					我可以帮你什么？	5	1	-1
		559					你肯帮我？	5	1	-1
159	焚香谷-伤心为谁	1336	102	16	23	15	其实这世间，谁又不是如此呢？ ……	5	1	-1
		1336					十年之前，我亲手将他们两个放下岩浆的时候；十年之前，诛仙阵下，我眼睁睁看着她从半空落下的时候……	5	1	-1
		559					他也是个伤心人么？	5	1	-1
160	焚香谷-新的线索	1336	102	16	23	15	一个女子为了救我，三魂七魄魂飞魄散，幸好异宝‘合欢铃’将她一魂扣了下来，如今她肉身不灭不死，但全无知觉。前辈你见识广博，请问可有办法救治？	5	1	-1
		559					有办法的！许多年前，我曾亲眼见过有异人施展‘还魂异术’，将某个不幸被恶妖摄去一魂三魄的男子魂魄，尽数收回。	5	1	-1
		1336					你说的还魂异术，莫非是指南蛮十万大山里的‘黑巫族’？我亦找寻过，但全然不见他们踪影，据传千年之前他们便已灭绝…… 	5	1	-1
		559					千年之前？我见到这件事的时候是五百年前，至少五百年前黑巫族还是有人存在的哦。看在你救我的份上，我就帮你一次。	5	1	-1
161	大王村-青云-死泽传闻	70	6	36.96	63.83	2	最近传说在死亡沼泽之内，突起巨大金色光柱，直冲云霄，整整三日三夜方才散去。	5	1	-1
		70					以修道之人看来，这死泽异相，多半便是珍宝出世的前兆。	5	1	-1
		70					灵物神器，向来都有自身灵性。而此次阵仗大小，非同小可，此宝价值可见一斑。	5	1	-1
		70					消息一传出，各门派便悉数派高手前往，此番将你们召回，就正是为了此事。	5	1	-1
162	大王村-青云-闲叙一二	-1	6	88.08	36.98	2	呃，此番只是受了掌门召回之命，很快就又要出任务了。	5	1	-1
		82					啊？又要出去？...对了，是因为那什么死泽异宝的事情？	5	1	-1
		-1					正是，听说各派对此事似乎是势在必得的态度，派出的都是门中好手，诶，好有压力！	5	1	-1
		82					唉，安啦！既然掌门选中了你，那自然是你有这能力的！我相信你！	5	1	-1
163	大王村-天音-死泽传闻	225	10	58.08	53	2	最近传说在死亡沼泽之内，突起巨大金色光柱，直冲云霄，整整三日三夜方才散去。	5	1	-1
		225					以修道之人看来，这死泽异相，多半便是珍宝出世的前兆。	5	1	-1
		225					灵物神器，向来都有自身灵性。而此次阵仗大小，非同小可，此宝价值可见一斑。	5	1	-1
		225					消息一传出，各门派便悉数派高手前往，此番将你们召回，就正是为了此事。	5	1	-1
164	大王村-天音-闲叙一二	-1	10	-1	-1	2	呃，此番只是受了掌门召回之命，很快就又要出任务了。	5	1	-1
		232					啊？又要出去？...对了，是因为那什么死泽异宝的事情？	5	1	-1
		-1					正是，听说各派对此事似乎是势在必得的态度，派出的都是门中好手，诶，好有压力！	5	1	-1
		232					唉，安啦！既然掌门选中了你，那自然是你有这能力的！我相信你！	5	1	-1
165	大王村-鬼王-死泽传闻	241	11	-1	-1	2	最近传说在死亡沼泽之内，突起巨大金色光柱，直冲云霄，整整三日三夜方才散去。	5	1	-1
		241					以修道之人看来，这死泽异相，多半便是珍宝出世的前兆。	5	1	-1
		241					灵物神器，向来都有自身灵性。而此次阵仗大小，非同小可，此宝价值可见一斑。	5	1	-1
		241					消息一传出，各门派便悉数派高手前往，此番将你们召回，就正是为了此事。	5	1	-1
166	大王村-鬼王-闲叙一二	-1	11	-1	-1	2	呃，此番只是受了掌门召回之命，很快就又要出任务了。	5	1	-1
		467					啊？又要出去？...对了，是因为那什么死泽异宝的事情？	5	1	-1
		-1					正是，听说各派对此事似乎是势在必得的态度，派出的都是门中好手，诶，好有压力！	5	1	-1
		467					唉，安啦！既然掌门选中了你，那自然是你有这能力的！我相信你！	5	1	-1
167	大王村-合欢-死泽传闻	258	12	-1	-1	2	最近传说在死亡沼泽之内，突起巨大金色光柱，直冲云霄，整整三日三夜方才散去。	5	1	-1
		258					以修道之人看来，这死泽异相，多半便是珍宝出世的前兆。	5	1	-1
		258					灵物神器，向来都有自身灵性。而此次阵仗大小，非同小可，此宝价值可见一斑。	5	1	-1
		258					消息一传出，各门派便悉数派高手前往，此番将你们召回，就正是为了此事。	5	1	-1
168	大王村-合欢-闲叙一二	-1	12	-1	-1	2	呃，此番只是受了掌门召回之命，很快就又要出任务了。	5	1	-1
		255					啊？又要出去？...对了，是因为那什么死泽异宝的事情？	5	1	-1
		-1					正是，听说各派对此事似乎是势在必得的态度，派出的都是门中好手，诶，好有压力！	5	1	-1
		255					唉，安啦！既然掌门选中了你，那自然是你有这能力的！我相信你！	5	1	-1
169	大王村-村中变故	-1	42	84.52	33.94	2	大叔这话怎么讲？	5	1	-1
		576					自打死泽传闻一出，这原本荒僻的村子一下热闹了起来，修真之人络绎不绝，对村子本是件好事儿。	5	1	-1
		576					然而眼下村里倒出了些变故，许多人不知怎的生了一种怪病，轻者上吐下泻，重者全身脓肿命不久矣。	5	1	-1
		576					我看哪里是什么宝贝出世，定是惊扰了那死泽里的瘟神了！	5	1	-1
170	大王村-老者提点	-1	42	85.94	45.95	2	…哦？看来老先生也以为是有宝贝出世了？	5	1	-1
		577					废话，要不我大老远跑到这种鬼地方来干什么！就是想见识见识这好东西呢！	5	1	-1
		-1					方才在村口，有樵夫说道，村中似是有人发了怪病，看先生和小环姑娘，好像并未受到影响。	5	1	-1
		577					啥病不病的，瞎扯！我看啊，这多半是中毒的迹象。	5	1	-1
171	大王村-驿站之变	577	42	85.94	45.95	2	想来听到异宝传闻的时候，我与小环就在附近，算是到这村子比较早的了，那时候还没有这么多人。	5	1	-1
		578					是呀！那个时候我们也在这驿站之中歇了一晚，若是驿官有害人之心，按理说那个时候我和爷爷也应该中招了才是。	5	1	-1
		577					倒是各路人马纷至而来之后，这事情才开始出现…所以...兴许有他人刻意为之。	5	1	-1
172	大王村-心中猜想	577	42	85.94	45.95	2	还记得你我在村里见面时，我正在为一男子看相么？	5	1	-1
		577					那人便是万毒门的新秀，魔教三公子之一的毒公子秦无炎…	5	1	-1
		-1					老先生的意思是…	5	1	-1
		577					论制毒，向来都是他们的强项，这毒能发作得如此隐晦，也许就是他的手笔了。	5	1	-1
173	大王村-矛头所指	577	42	85.94	45.95	2	此毒名叫“黑蟾散”，乃取自剧毒蛤蟆身上脓疱制成…	5	1	-1
		577					妙就妙在，该毒经万毒门七尾蜈蚣毒素融合，便无色无味，发作缓慢，症状似瘟疫病症，极难被察觉。	5	1	-1
		-1					（目瞪口呆）老先生果然见多识广，晚辈佩服！	5	1	-1
		577					几月不见，你拍马屁，哦不，说话的能力倒是涨了不少。	5	1	-1
174	大王村-纠葛孽缘	-1	42	54.48	65.37	2	确定，当时那名万毒弟子的确很气愤，质问那群黑衣人为什么要骗他下毒。还冒昧的问姑娘一句，此人是…	5	1	-1
		581					（犹豫了片刻）他叫曲睿。我与他乃缘分相识，他为人磊落善良，性格耿直，我俩也算是情投意合。	5	1	-1
		581					无奈当今正邪不两立，门派之间的隔阂，这段感情终究是无法见光的了。	5	1	-1
		581					只是我相信曲睿他万不是会投毒害人之人，这其间一定是有什么特殊原因。	5	1	-1
175	大王村-不得为之	582	42	107.7	118.4	2	...前几日我与诗诗在村中秘密见面，正巧被那几人撞见。事后，便以此要挟我配合他们做些事情。	5	1	-1
		582					我本没有什么好怕的，但是诗诗一个姑娘，若是给其余正道中人知晓，结果我不敢去想。	5	1	-1
		582					所以我便按照他们的要求，将他们所说的蒙汗药下在了黑水沟上游水源之中，以为他们只是想独吞死泽中的宝贝。	5	1	-1
		582					我万万没有想到，那所谓蒙汗药竟是我万毒门的毒物，我方才发觉事情不妙…	5	1	-1
176	大王村-箭在弦上	-1	42	85.94	45.95	2	人质的确是万毒门为炼毒所扣押，但是跟此次全村上下中毒事件无关。	5	1	-1
		577					…什么？无关？那下毒之事是何人所为，目的是什么呢？	5	1	-1
		-1					此事说来话长，简而言之，就是一名万毒弟子被奸人利用，错将本门毒物撒入水源之中。	5	1	-1
		-1					现在看来，此事非同小可，一定是有人想要挑起万毒门和各派之间的争斗，搅乱当前的局势。	5	1	-1
		577					完了完了…若是真像你所说，各派已经集结弟子往万毒门营地去了，这…	5	1	-1
177	大王村-危急境况	583	42	47.76	86.15	2	那沼泽可凶险着呢..没有我们这些老鸟带路，这不就是去送死的么！	5	1	-1
		-1					…那为何不拦下他们。	5	1	-1
		583					拦？咋拦？一个个都急红了眼，说不听嘞。	5	1	-1
		583					还有人叫嚷着起哄，说是什么万毒门搞的鬼，要杀光他们...啧啧，这些外面来的人也真是恐怖的很呢！	5	1	-1
178	大王村-将计就计	-1	42	37.01	81.93	2	（挠了挠头）因为此事只有我知道始末，我担心解释会浪费时间，便匆匆赶来了。不过，你怎么来了？	5	1	-1
		584					…穆诗诗把事情的始末都告诉我了，我便来了个将计就计。引出这幕后真凶，再一举端掉。	5	1	-1
		-1					好一招 螳螂捕蝉，黄雀在后！	5	1	-1
179	大王村-一片冰心	584	42	37.01	81.93	2	回去后，我当禀明师父和掌门真人…	5	1	-1
		-1					这..（不会吧...这下诗诗姑娘怎么都难逃干系了。）	5	1	-1
		584					小竹峰弟子穆诗诗，在死泽一战不幸战死，当随其余战死弟子一起，焚香以告慰。	5	1	-1
		-1					哦...啊？！战死...诗诗姑娘不好好的么…	5	1	-1
		584					（目光如炬的看着你，方才反应过来，她话语中的意思）	5	1	-1
		584					在她身上，我仿佛能看到另一个自己，另一个可以抛开一切的样子。只是终究，我还是做出了别的选择。	5	1	-1
180	大王村-青云-当前形势	-1	42	26.78	110.96	2	多谢师兄抬爱！	5	1	-1
		585					…所以境况是陆雪琪带人突围，将长生堂众人重伤，逼回了內泽之中？	5	1	-1
		-1					正是，长生堂意欲借万毒门挑起各派之间争斗，大概是想从中坐收渔翁之利吧。还好及时发现！	5	1	-1
		585					不过既然他们被识破，退入內泽后当更加紧急寻找异宝了！先前大家都按兵不动维持的平衡，看来很快就要打破了。	5	1	-1
181	大王村-天音-当前形势	-1	42	25.48	109.18	2	多谢师兄抬爱！	5	1	-1
		586					…所以境况是陆雪琪带人突围，将长生堂众人重伤，逼回了內泽之中？	5	1	-1
		-1					正是，长生堂意欲借万毒门挑起各派之间争斗，大概是想从中坐收渔翁之利吧。还好及时发现！	5	1	-1
		586					不过既然他们被识破，退入內泽后当更加紧急寻找异宝了！先前大家都按兵不动维持的平衡，看来很快就要打破了。	5	1	-1
182	大王村-鬼王-当前形势	-1	42	43.31	93.5	2	多谢抬爱！	5	1	-1
		587					…所以境况是陆雪琪带人突围，将长生堂众人重伤，逼回了內泽之中？	5	1	-1
		-1					正是，长生堂意欲借万毒门挑起各派之间争斗，大概是想从中坐收渔翁之利吧。还好及时发现！	5	1	-1
		587					不过既然他们被识破，退入內泽后当更加紧急寻找异宝了！先前大家都按兵不动维持的平衡，看来很快就要打破了。	5	1	-1
183	大王村-合欢-当前形势	-1	42	41.98	92.46	2	多谢师姐抬爱！	5	1	-1
		588					…所以境况是陆雪琪带人突围，将长生堂众人重伤，逼回了內泽之中？	5	1	-1
		-1					正是，长生堂意欲借万毒门挑起各派之间争斗，大概是想从中坐收渔翁之利吧。还好及时发现！	5	1	-1
		588					不过既然他们被识破，退入內泽后当更加紧急寻找异宝了！先前大家都按兵不动维持的平衡，看来很快就要打破了。	5	1	-1
184	死亡沼泽-意外关系	-1	43	49.46	10.43	2	內泽这么危险，老先生和小环姑娘怎么也进来了。	5	1	-1
		618					你说这宝贝就在眼前，不进来看一眼，怎么甘心，嘿嘿！	5	1	-1
		-1					刚才多危险...要是没有那位姑娘...对了，你俩怎会认得合欢妙公子金瓶儿的？	5	1	-1
		618					咳咳...这个嘛，说来就话长了！总之，当初是小环折损自身阳寿替其还魂救回一命，这便才有了这关系。	5	1	-1
		618					不过啊，这女人可厉害着呢，能和鬼厉还有秦无炎齐名，你可得小心着些。	5	1	-1
185	死亡沼泽-心中担忧	-1	43	54.46	3.97	2	呃，可是关于之前那些鱼人？	5	1	-1
		620					正是。唯独这件事事出突然，超出了我的预期，恐怕事情没有那么简单了。	5	1	-1
		-1					也不知道这些鱼人是从哪里来的。	5	1	-1
		620					谁知道呢...看来反正不是我中原的物种。所以是不是还有什么我没有算到的其他势力…	5	1	-1
186	死亡沼泽-气急败坏	-1	43	97.24	4.97	2	…你干嘛这么紧张…	5	1	-1
		621					你！你你，你管我！	5	1	-1
		-1					我看道长现在自己被淋成这般模样，还会好心将唯一的伞借给小环姑娘，啧啧，先前真是错看道长了。	5	1	-1
		621					放屁！老子可是杀人不眨眼的坏人。	5	1	-1
		-1					？？：报告老大，那边好像有两个人！	5	1	-1
		-1					？？：只要不是我长生堂的人，统统的，灭口！	5	1	-1
187	死亡沼泽-心中疑惑	-1	43	97.24	4.97	2	哦？你说鬼厉也来了？	5	1	-1
		621					是呀！我圣教自打青云一战之后，就开始出现内部吞并的情况了，想我炼血堂当时就是...诶。	5	1	-1
		621					后来所有小门别派都被瓜分后，也就剩下鬼王、合欢、万毒和这长生堂了。	5	1	-1
		621					可是鬼厉是自己孤身一人来的，鬼王宗大部人马都还在外泽，这可收拾不掉长生堂啊....	5	1	-1
188	死亡沼泽-暗吃一惊	-1	43	74.4	57.05	2	我看看，这人似乎是被吸干了血...好像是鬼厉的手笔。	5	1	-1
		-1					另外一人身上有紫芒血口，应该就是金瓶儿的手笔。	5	1	-1
		-1					看来秦无炎也在…	5	1	-1
189	死亡沼泽-事出有因	624	43	107.52	57.5	2	…先前在长生殿，我就发现你的踪迹了，只是不知道你的目的，我便在事后潜伏在一边观察。	5	1	-1
		624					哼！若不是被这个焚香谷的小子撞见，我早就夺了你手里的线索离开了...咳咳…	5	1	-1
		624					本来刚刚是最好的时机，怎知这几人就在附近。我更没想到鬼厉居然没走...被他摆了一道！	5	1	-1
190	死亡沼泽-目前情况	626	43	99.02	115.89	2	林施主，陆施主，和小...鬼厉应当都是过命旧识...都想劝鬼厉回头…	5	1	-1
		626					只是鬼厉念及当年，只有碧瑶舍命才有现在的自己，认准了理不能辜负于她。	5	1	-1
		626					于是话不投机，便动起了手...这也不是我们想看到的。	5	1	-1
191	死亡沼泽-宝库情况	-1	43	20.4	115.08	2	（挠了挠头）呃，死泽中的异宝...被小灰吃掉了...鬼厉怕生祸端，便让我将它带来了这里。	5	1	-1
		632					…那鬼厉他人呢。	5	1	-1
		-1					额...似乎是有事，要同青云门的陆雪琪和林惊羽还有天音寺的法相处理。	5	1	-1
		632					...（似乎欲言又止）我明白了...你现在便去找那边的青龙使，告诉他可以开始准备了。	5	1	-1
192	死亡沼泽-敷衍之辞	-1	43	10.2	113.48	2	小灰吃掉异宝...宝库那边乱成了 一锅粥...还有异兽玄蛇、黄鸟，鬼厉要留在那边断后。	5	1	-1
		631					…（意味深长的看了你一眼）哦，是么。	5	1	-1
		631					也不知道是什么宝贝，这小灰看来也没什么反应。 	5	1	-1
193	死亡沼泽-老友带话	630	43	10.73	122.27	2	其实我只是帮老友给你带句话。	5	1	-1
		-1					哦..啊？谁要带话给我？	5	1	-1
		-1					...（心里犯嘀咕...谁啊究竟）	5	1	-1
		630					老友说，让你回去找他，有件事他很是介怀，必须告诉你才能安心。	5	1	-1
194	死亡沼泽-鱼人之谜	-1	43	49.46	10.43	2	见是见到了，就是没瞧仔细...就给鬼厉那只猴子给吞了。	5	1	-1
		618					…（一脸惊讶）然后呢？然后那猴子有啥变化没？	5	1	-1
		-1					没有...还能有啥变化啊。	5	1	-1
		618					这就结束了？！亏得鬼王亲自来了…	5	1	-1
		-1					话说...你怎么谁都认识啊喂！	5	1	-1
		618					大仙人我的阅历，那哪是你能数的过来的。好了，不和你贫嘴了，说正事。	5	1	-1
195	死亡沼泽-焚香事发	-1	43	49.46	10.43	2	焚香谷？	5	1	-1
		618					…之前没有想起来，后来寻思了些时日，才想起这鱼人的来历。	5	1	-1
		618					这鱼人其实不算是妖物，而是南疆十万大山、六十三种异族之一的鱼人族。	5	1	-1
		-1					那就奇怪了，南疆离此地不下万里，这些鱼人跑到这里，又是为何。	5	1	-1
		618					那我就不知道了。我只知道南疆到中原的入口，一向是由焚香谷把守，这种异族一般是不可能这么大批进入中原的…	5	1	-1
196	死亡沼泽-诚恳请求	-1	43	51.9	10.31	2	正是，此事也非同小可，心里有些介怀，当去看看的！小环姑娘可是有什么交代？	5	1	-1
		619					…光鱼人就如此凶狠残暴，更别说南疆那边还有多少这种异族，得是有多凶险！	5	1	-1
		-1					金瓶儿和鬼厉道法高超，应当能够应付这些异族的！	5	1	-1
		619					可是若是焚香谷也出了什么异变...你若是也要往那里去，能找到他们和他们一起上路么，也好有个照应。	5	1	-1
197	小池镇-支线-文曲会试	532	4	15.6	68.98	2	$N，小生这里有个不情之请…	5	1	-1
		-1					不用客气，有什么事么？	5	1	-1
		532					再过些时日，小生就要远赴河阳城参加文曲会试了。要是运气好，小生就能金榜题名，当上一品宰相，迎娶千金小姐，从此走上人生巅峰！	5	1	-1
		-1					说人话…	5	1	-1
		532					这考试用的砚台，被村口的强盗抢去了…	5	1	-1
198	小池镇-支线-愁眉苦脸	-1	4	15.6	68.98	2	这砚台都帮你寻回来了，你怎么还闷闷不乐？	5	1	-1
		532					不瞒你说，小生三年温习五载赶考，可至今连个进士都没有考上。	5	1	-1
		532					百无一用是书生，只能暂住在哥嫂家。天天被嫂嫂叨念不能给家里挣钱，实属无奈！	5	1	-1
		-1					终归是一家人，家和万事兴！	5	1	-1
		532					实在不行，小生就不去赶考了，在村里挣些零钱交给哥嫂，也能换个笑脸。	5	1	-1
199	小池镇-支线-助人为乐	-1	4	56.26	48.98	2	（将事情的原委告诉镇长）	5	1	-1
		531					可怜这范举人寄人篱下住在哥嫂家，他那万氏嫂嫂可是村里出名的泼辣。	5	1	-1
		-1					那这教书先生的事？	5	1	-1
		531					这范举人将来是要有大出息的，为了生计留在村里实在是可惜了！	5	1	-1
200	小池镇-支线-撒泼打滚	-1	4	58	61	2	这位夫人，镇长托我给您带个话…	5	1	-1
		670					哎呦喂，我不活了！你们一个个死没良心的……	5	1	-1
		-1					（暴汗…）我还什么都没说呢……	5	1	-1
		670					我家那个死鬼，每天早出晚归，对我也是冷淡的很，肯定是外面有人了！	5	1	-1
		670					这位$S，你见多识广，你说这世上真的有狐狸精么！	5	1	-1
		-1					既然有狐妖，那也是有狐狸精的吧…	5	1	-1
		670					我家那死鬼，定是被那狐狸精迷去了心智！	5	1	-1
201	小池镇-支线-变本加厉	-1	4	58	61	2	夫人，这狐狸我也帮您教训过了，您能否听我说几句话？	5	1	-1
		670					哎？你谁啊？有话快说！	5	1	-1
		-1					（将镇长的话转告给万氏）	5	1	-1
		670					哼！那个穷酸书生？他吃我的喝我的，还不能帮我干活，我留他何用？	5	1	-1
202	小池镇-支线-报答村长	532	4	15.6	68.98	2	听闻村口外那些疯狗总是夜袭村子里的家畜，镇长很是头疼啊！	5	1	-1
		-1					这疯狗确实惹人烦，被它咬上一口，可是要送命的！	5	1	-1
203	小池镇-支线-闷闷不乐	531	4	56.26	48.98	2	范举人的事暂时解决了，我现在更担心的是小七那孩子…	5	1	-1
		-1					小七怎么了？	5	1	-1
		531					小七最近总是闷闷不乐，一脸有心事的样子。	5	1	-1
204	小池镇-支线-童年旧事	-1	4	16.71	72.73	2	小七，在村子里的新生活怎么样呀？	5	1	-1
		534					村民们对我可好了，小七感受的到，大家都是真心诚意对我好！	5	1	-1
		534					在小七还没有变化成人形的时候，有一个非常要好的伙伴，叫做阿狸，它是一只红白相间的狐狸，可漂亮了！	5	1	-1
		-1					那阿狸现在在哪呢？	5	1	-1
		534					黑石洞坍塌，我就再也没有见过阿狸了…（抽泣）	5	1	-1
205	小池镇-支线-吉人天相	534	4	16.71	72.73	2	如何？你找到阿狸了么？	5	1	-1
		-1					没有，那里一片萧条，没有阿狸的踪迹。	5	1	-1
		534					（心情低落）阿狸…会不会已经…	5	1	-1
		-1					虽然那里都是魔化的狐狸，但是并没有一只红白相间的小狐狸，所以阿狸没准已经逃到别的地方去了！	5	1	-1
		-1					传闻西南方有座狐岐山，有狐仙庇佑，阿狸许是去了那里，你不要伤心了！	5	1	-1
		534					嗯，阿狸吉狐自有天相，一定没事的！	5	1	-1
206	流波山-主线-流波之祸	-1	53	7.22	30.11	2	这里到底发生了什么？为什么你这么害怕？	5	1	-1
		800					这里被一群海盗占领了，说让我们每个月上缴保护费，不然就烧了我们的船，不让我们打渔…	5	1	-1
		-1					这也太过分了，就没人能教训他们么？！	5	1	-1
		800					这伙海盗凶的狠，请来围剿的人去了几次都被打退回来了。这个月他们要的毒牙还没凑够，这可怎么办……	5	1	-1
		-1					不过是一群海盗，竟然这么厉害？老伯有什么需要帮忙的地方尽管说，我尽力而为。	5	1	-1
207	流波山-主线-跋扈海盗	-1	53	97.1	13.5	2	凭什么要多收毒牙！我已经按照你要求的把梁伯这个月要上缴的毒牙带来了！	5	1	-1
		802					老娘我乐意收多少，就收多少！你是什么人竟敢和我讨价还价？！	5	1	-1
		-1					我是什么人不重要，我想问你要这么多毒牙做什么？	5	1	-1
		802					你什么你，老娘要和流波水寨那狼心狗肺的东西好好干一仗，就是需要毒牙做武器，怎样？！	5	1	-1
208	流波山-主线-流波怪事	799	53	7.4	23.2	2	流波山的怪事...太多了，最近流波山周围的大海都不太平啊！大家都说是夔牛又来捣鬼了！	5	1	-1
		-1					夔牛？	5	1	-1
		799					是呀，这夔牛三千年一出世，据说是龙的一种，受了日精月华而生。	5	1	-1
		799					夔牛出世，天下大乱啊！	5	1	-1
		799					大概10年前吧，流波山曾经有过一次大变动，据说就是夔牛出世了！	5	1	-1
		-1					什么？！这么大的事，为什么都没听人说过呢？	5	1	-1
209	流波山-主线-十年之前	801	53	16.8	19.2	2	那是大概10年前了，我在海边玩累了，就在草丛中睡着了。睡着睡着，突然被一声巨大的雷响惊醒了！	5	1	-1
		-1					然后呢？	5	1	-1
		801					我见到沙滩上有许多人，地面上泛着红光，特别诡异，我当时吓坏了，动都不会动了。	5	1	-1
		801					后来，从海里就跳出来一只独眼独腿的怪兽！但是却被一个飞在天上的人用一只鼎抓走了！	5	1	-1
		-1					被抓走了？	5	1	-1
		801					嗯，但是从那个怪兽身上掉下来一件东西到海里，后来我就什么都不知道了…	5	1	-1
210	流波山-主线-请求帮助	-1	53	107.9	56.6	2	这位仙长，我奉师门之命下山历练，来到此处，见到这里的渔民深受海盗侵扰，所以想替渔民们向仙长求助。	5	1	-1
		797					此事乃是积德之事，我本不应推辞，但是我来这里也是有要事在身…	5	1	-1
		-1					我愿意帮助仙长做些事情，尽一些微薄之力。	5	1	-1
		797					既然如此…不知你有没有听说过夔牛？	5	1	-1
		-1					听说过，我听村民说过，还有村民曾在海滩上看到过夔牛被大阵封禁！	5	1	-1
		797					大阵？在海滩上？那就是我要找的，可以麻烦$S帮我走一趟么？	5	1	-1
		-1					没问题，我这就出发！	5	1	-1
211	流波山-主线-美好回忆	798	53	89.5	96.2	2	这石头，一共有两块，是十年前我们来流波山时，我和小凡师弟在这小溪边找到的…	5	1	-1
		-1					田师姐是否能告诉我十年前这里发生了什么？	5	1	-1
		798					十年前，就是在这里，发生了很多事情…	5	1	-1
212	流波山-主线-烹饪之法	-1	53	7.22	30.11	2	请您教我怎么烹饪！	5	1	-1
		800					这个好说，我们流波山有一种特产的草药，采集回来洗净，和螃蟹放在一起烹煮就好了！	5	1	-1
		-1					竟然如此简单！	5	1	-1
213	流波山-主线-海盗内乱	800	53	7.22	30.11	2	前几天他们出海打渔的时候，发现女贼的营寨在着火，就凑过去看了看。	5	1	-1
		-1					然后呢？	5	1	-1
		800					发现她们在和流波水寨的海盗打起来了，还见到流波水寨的头目用一个发着光的东西击败了女贼	5	1	-1
		-1					发着光的东西？难道就是镇海印？	5	1	-1
		800					我猜应该就是了！	5	1	-1
214	流波山-主线-要还法宝	-1	53	56.46	56.99	2	少废话，你从渔村抢走的镇海印，你藏到哪里去了？	5	1	-1
		803					哈哈哈，原来你这小娃娃也想觊觎老子的神器！	5	1	-1
		-1					那本来就不是属于你的！	5	1	-1
215	流波山-主线-镇海之法	-1	53	7.4	23.2	2	长老知道如何用法宝将大海恢复平静么？	5	1	-1
		799					据老人流传，只要将这法宝重新丢进大海就可以了。	5	1	-1
		-1					我想，从望夫崖处扔下去，便可以了吧。	5	1	-1
216	主线-小灰洗澡	837	44	19.73	111.43	2	吱吱…（懂猴语的策划翻译：不要，不要洗澡，会死猴的。）	5	1	-1
		818					老实点，这么大只了，还怕水？	5	1	-1
		837					吱……（懂猴语的策划翻译：救命啊，救命……）	5	1	-1
		818					你这顽皮猴子，溅我一身水！	5	1	-1
217	主线-狐族史话	818	44	19.35	109.12	2	何止是来过这里……你不知道吧，我们妖狐一族，发源地便是在南疆这里。	5	1	-1
		-1					那怎么这千年来，中土地方的民间传说，一直都有你们妖狐的影子？	5	1	-1
		818					那是因为我带领妖狐一族离开这里前往中土，最后定居在西南的狐岐山中。	5	1	-1
		819					什么？你…说起来狐岐山这个名字，多半就是因此而来的。那你和鬼王宗…	5	1	-1
		818					我们妖狐一族与鬼王宗做了数百年邻居，这也是我愿意帮助你的原因之一。	5	1	-1
218	主线-南疆特产	819	44	19.73	111.43	2	给我们来三碗饭，再来几个…	5	1	-1
		818					问问他们可有土闷黄雀？	5	1	-1
		818					对了，还有三段蛇肠、烤熊尾、烤秋叶、五小虫、黑心果…	5	1	-1
		819					（目瞪口呆）…	5	1	-1
		818					几百年了，也不知怎的，突然特别想尝尝这些当年的风味。	5	1	-1
219	主线-魂牵碧瑶	822	44	4.36	27.55	2	妖女，你到底将我燕虹师妹如何了，快快将她交出来！	5	1	-1
		821					你也说了，那是你师妹，又不是我师妹，我又如何知道？	5	1	-1
		822					呸！你这妖女，杀我焚香弟子，抓我师妹，这笔仇一定要你偿还。	5	1	-1
		821					哎呦！我好怕啊！（对玩家）帮我挡住那男子。	5	1	-1
220	主线-燕虹所在	822	44	18.76	28.24	2	你打败我了，那又怎样？	5	1	-1
		-1					我可以告诉你燕虹在哪，但你要放过金瓶儿。	5	1	-1
		822					（看了看已逃远的金瓶儿）罢了，你告诉我燕虹师妹在哪，我这次就放过那妖女。	5	1	-1
		-1					燕虹就在你们焚香谷某个酒窖里，想必以道友的能力很快就能找出来。	5	1	-1
221	主线-巫师祭坛	828	44	67.6	76.35	2	在各族之中，专门祭祀神灵祖先的地方，便是祭坛。	5	1	-1
		828					在部族人民眼中，祭坛地位崇高，祭坛里巫师说的话，更有如神意。 	5	1	-1
		828					往昔五族争斗最激烈的时候，每次战争便都是要得到神明──也就是大巫师亲口说出的允许。	5	1	-1
222	主线-小白心思	827	44	67.6	76.35	2	你、你没事吧？	5	1	-1
		828					你……你可喜欢我吗？	5	1	-1
		827					……你醉了。	5	1	-1
		828					你啊，你这个人，就是活得太累啊！知道吗？傻瓜！	5	1	-1
223	夫妻拜堂-地面-陆雪琪主持	986	57	-1	-1	-1	今日正是二位大喜的日子，祝二位新人地久天长，百年好合！	3.1	-1	431
		986					三生石上注良缘，恩爱夫妻彩线牵，春色无边花富贵，郎情妾意俩缠绵。	3.1	-1	432
		986					梅花点额艳新妆，珠玉双辉暖洞房，宝眷情欢鱼得水，月圆花好配天长。	3.1	-1	433
		986					红袖添香堪佐读，白首齐眉乐倩兮，琴瑟和鸣鸳鸯配，绵绵瓜瓞步云梯。	3.1	-1	434
		986					祝二位新人甜甜蜜蜜，恩恩爱爱！	3.1	-1	435
224	夫妻拜堂-地面-碧瑶主持	985	57	-1	-1	-1	今日正是二位大喜的日子，祝二位新人地久天长，百年好合！	3.1	-1	436
		985					三生石上注良缘，恩爱夫妻彩线牵，春色无边花富贵，郎情妾意俩缠绵。	3.1	-1	437
		985					梅花点额艳新妆，珠玉双辉暖洞房，宝眷情欢鱼得水，月圆花好配天长。	3.1	-1	438
		985					红袖添香堪佐读，白首齐眉乐倩兮，琴瑟和鸣鸳鸯配，绵绵瓜瓞步云梯。	3.1	-1	439
		985					祝二位新人甜甜蜜蜜，恩恩爱爱！	3.1	-1	440
225	夫妻拜堂-空中-陆雪琪主持	988	56	-1	-1	-1	今日正是二位大喜的日子，祝二位新人地久天长，百年好合！	3.1	-1	431
		988					三生石上注良缘，恩爱夫妻彩线牵，春色无边花富贵，郎情妾意俩缠绵。	3.1	-1	432
		988					梅花点额艳新妆，珠玉双辉暖洞房，宝眷情欢鱼得水，月圆花好配天长。	3.1	-1	433
		988					红袖添香堪佐读，白首齐眉乐倩兮，琴瑟和鸣鸳鸯配，绵绵瓜瓞步云梯。	3.1	-1	434
		988					祝二位新人甜甜蜜蜜，恩恩爱爱！	3.1	-1	435
226	夫妻拜堂-地空中-碧瑶主持	987	56	-1	-1	-1	今日正是二位大喜的日子，祝二位新人地久天长，百年好合！	3.1	-1	436
		987					三生石上注良缘，恩爱夫妻彩线牵，春色无边花富贵，郎情妾意俩缠绵。	3.1	-1	437
		987					梅花点额艳新妆，珠玉双辉暖洞房，宝眷情欢鱼得水，月圆花好配天长。	3.1	-1	438
		987					红袖添香堪佐读，白首齐眉乐倩兮，琴瑟和鸣鸳鸯配，绵绵瓜瓞步云梯。	3.1	-1	439
		987					祝二位新人甜甜蜜蜜，恩恩爱爱！	3.1	-1	440
227	主线-难以开口	53	5	43.09	126.36	2	近日，我是听到了些…传闻。说这村中怨灵，乃是因青云山上一物而起。	5	1	-1
		53					且草庙村其间往事，还关乎青云门中一个无法提起的禁忌话题，这便不能强求了。	5	1	-1
		-1					既然如此，求人不如求己。我倒是会些简单法术，可先替城主去草庙村走一遭！	5	1	-1
228	支线-无惧劳苦	228	10	110.28	57.56	2	少林武学，讲求三要、五忌。	5	1	-1
		228					何为三要：一要沉着冷静，二要确实精当，三要节欲爱名。	5	1	-1
		228					何为五忌：忌荒情，忌夸矜，忌躁急，忌惰怠，忌酒色。	5	1	-1
229	主线-嗜血魔王	824	44	67.67	74	2	张！小！凡……	5	1	-1
		824					你、你……	5	1	-1
		822					张小凡！这谷中南疆族人，向来与中土毫无瓜葛，你究竟与他们有何仇恨，竟要这般杀人为乐？	5	1	-1
		827					啊！是啊！都是我杀的！！哈哈哈哈哈哈！	5	1	-1
230	合欢-隐藏任务-唉声叹气（1）	-1	12	36	107	2	绯燕师姐，怎么一副愁眉苦脸的样子？	5	1	-1
		260					还不都是莫风那孩子…那孩子自小孤苦，学识差了好多，又不肯用心学！	5	1	-1
		-1					莫风还小，总会长大的！	5	1	-1
		259					$N，去看看莫风吧，监督一下他做功课！	5	1	-1
231	青云-隐藏1-道出来历	-1	6	56.86	1.28	2	从一只灰毛猴子手里抢来的…可是你的东西？	5	1	-1
		81					（脸似乎微微一红）咳咳…	5	1	-1
		81					不是不是，不过我知道是谁的东西…	5	1	-1
232	青云-隐藏1-好人发卡	-1	6	57.2	104.1	2	生气倒是没有看出来，只是来的时候嘱咐我别叫你师父瞧见了。	5	1	-1
		79					咳咳…都怪我粗心，竟然将她送给我的东西丢了。	5	1	-1
		-1					也不怪你吧，是那灰毛猴子太机灵了，我觉得！	5	1	-1
		79					你是好人！	5	1	-1
233	青云-隐藏2-谁是凶手	-1	6	88.08	36.98	2	还真不是我捞的…呃，是一只灰毛猴子干的…你，信么。	5	1	-1
		82					（翻了个白眼）你是猴子派来的…等等！你说什么？灰毛猴子？	5	1	-1
		-1					（将之前发生的包裹的事情讲给曾书书听）	5	1	-1
		82					啧啧，原来三眼灵猴也喜欢吃螃蟹？	5	1	-1
234	鬼王-隐藏任务-泄露天机	-1	11	95	122	2	你是多久没洗澡了，身上这个味儿啊…	5	1	-1
		1048					不要在意细节！我告诉你一个惊天秘密！	5	1	-1
		-1					（捂住鼻子，微微靠近一点）	5	1	-1
		1048					这狐岐后山的左边数第三棵树下埋着一坛好酒，你去把它挖出来，定能换不少钱！	5	1	-1
235	天音-隐藏2-伪装者壹	-1	10	3.86	28.24	2	什么声音？！	5	1	-1
		1049					不好，肚子好饿…	5	1	-1
		-1					…夭寿了！！！石像怎么说话了！！！	5	1	-1
		1049					嘘！！！你小声点，小声点…	5	1	-1
		-1					（定睛一看）妈呀，原来是个活人！大白天的，你在这里装神弄鬼作甚	5	1	-1
		1049					你懂什么，我这是在偷学天音的武…等等，我为什么要告诉你这些！	5	1	-1
236	特殊物品使用-隐藏-河阳志（2）	-1	5	43.09	126.36	2	万城主好久不见，我在外游历时机缘巧合下得到这本“河阳志”，不知道你是否了解？	5	1	-1
		53					真的么？这河阳志是老城主所写，几经动荡残页散落各处，早已不可追寻，$S竟能寻到，真是太好运了！	5	1	-1
		53					传闻这“河阳志”实为藏宝图，里面记载着河阳城中埋着的数十万黄金。	5	1	-1
237	特殊物品使用-隐藏-河阳志（4）	-1	5	61.54	75.38	2	阿香婆，您是河阳城最为年长者，这“河阳志”之书，您可是了解？	5	1	-1
		214					河阳志？好耳熟的名字，上一次听到这个名字，还是七十多年前喽！	5	1	-1
		214					这河阳志是老城主倾尽一生心血所写，里面记录着河阳城的风貌人情，更记载着能让河阳人世代富足的秘密。	5	1	-1
		-1					那这个秘密是什么，您知道么？	5	1	-1
238	特殊坐标-隐藏-神秘来客（1）	-1	5	109	122	2	这么偏僻的地方，你怎么一个人在这里？	5	1	-1
		1065					“来无影去无踪”就是我的座右铭！	5	1	-1
		-1					（…）	5	1	-1
		1065					说出来你可能不信，我不是这个时代的人，但是我却可以在多个时代中随意穿梭。	5	1	-1
		-1					难道修仙到大罗神仙的境界就可以这样了么？	5	1	-1
239	特殊坐标-隐藏-神秘来客（3）	1065	5	109	122	2	$S你的大恩，飞鱼永世难忘。	5	1	-1
		-1					不用客气，举手之劳!	5	1	-1
		1065					这“司南”是我那个时代的物件，作为报答，这份礼物就请$S收下！	5	1	-1
240	十万大山-主线-凶灵黑虎	1055	45	90.8	107.9	2	你是谁，胆敢来到这妖魔之地，还胆敢亵渎巫女娘娘神像？	5	1	-1
		-1					你误会了，我并非有意冒犯这位……娘娘神像，只是初见之下，见她实在太过美丽，不由自主的就靠近了过去。	5	1	-1
		1055					看你年纪轻轻，又是初犯，我不与你计较。此处乃妖魔鬼魅之地，不是你来的地方，你快快走罢！	5	1	-1
241	十万大山-主线-圣器齐聚	-1	45	90.8	107.9	2	金瓶儿问你为何黑木可以进，她却不能？	5	1	-1
		1055					什么？她是跟随黑木而来？	5	1	-1
		-1					黑木抢了南疆苗族圣器黑杖，上面还有黎族圣器骨玉，我也想看看他究竟要干什么？	5	1	-1
		1055					他身上有黑杖和骨玉？天意啊，天意……兽神复活就差这黑杖和骨玉了，如今阻止已经迟了…	5	1	-1
		1055					你快快逃命去吧。不过又能逃到哪里去呢？这天下多半也不安全了。	5	1	-1
242	十万大山-主线-魔力消失	1056	45	81.5	88.3	2	你是说除了多出两行眼泪，雕像并没有产生之前那种魔力？	5	1	-1
		-1					是的，不知金仙子怎么看？	5	1	-1
		1056					是了。这雕像魔力定然是因要镇压兽神而存在，如今兽神出世，雕像自然也没了魔力。	5	1	-1
243	十万大山-主线-落难原因	-1	45	96.2	58.6	2	你为何会如此狼狈？	5	1	-1
		1057					（苦笑摇头）为了引开屠戮七里峒的妖物，一路至此，不料发现了金瓶儿。	5	1	-1
		1057					此女子也是心机缜密之辈，借我之力击开饕餮防御，趁机溜走，我却被迫留了下来。	5	1	-1
		1057					而这里无尽妖物，一番战斗下来，便是你看到的样子了。	5	1	-1
		-1					原来如此，想来金瓶儿让我来找你，也是她心有不忍吧。	5	1	-1
244	生活技能-隐藏-神秘藏宝图（2）	1069	5	68	98	2	$S，你这“神鬼苍生图”可否借给老夫一观？	5	1	-1
		-1					（将图递给老者）	5	1	-1
		1069					（端详许久…）古人诚不我欺！此物真是玄妙至极啊！	5	1	-1
		-1					不知这图有何玄妙？	5	1	-1
245	流波山-支线-异域风情	799	53	7.4	23.2	2	这些海盗居然会有这种香料，想来是从他们老家带来的吧。	5	1	-1
		-1					大概如此吧。	5	1	-1
		799					我猜想，他们会有完全不同于本地的烹饪手法，只是不知道能不能学到啊。	5	1	-1
		-1					也许我可以去试试看？	5	1	-1
246	流波山-支线-卧虎藏龙	1071	53	43.24	41.74	2	我随寨主漂泊世界，见过许多不同的烹饪方法，真是长了很多见识啊！	5	1	-1
		-1					哦，那可有什么新奇的见闻么？	5	1	-1
		1071					那简直太多了，数不胜数啊！	5	1	-1
		1071					我和你说，其实女海盗那边有个小姑娘，做饭那叫一个好吃啊，啧啧啧。	5	1	-1
		-1					真的么？那我可要去拜访一下了。	5	1	-1
247	流波山-支线-合理搭配	-1	53	93.24	3.65	2	我听襄煎说你的厨艺超绝，所以特来拜会一下	5	1	-1
		1072					那胖子还会说好话了，不容易啊	5	1	-1
		1072					说吧，想吃什么，这鬼地方材料太少了，做不出什么好吃的	5	1	-1
		1072					对了，襄煎给你吃的是烧烤吧？	5	1	-1
		-1					这…是…	5	1	-1
		1072					我就知道，我做一道青菜给你吧！	5	1	-1
248	流波山-支线-搭配之法	-1	53	93.24	3.65	2	请问，这菜品之间的搭配，是不是也很有学问呢？	5	1	-1
		1072					那是当然，一桌菜肴，必然要荤素搭配，如果有大肉，就要搭配清凉小菜，才能有好胃口。	5	1	-1
		-1					原来如此！	5	1	-1
		1072					另外，汤也是非常重要的，在吃饱之后，如能有一碗高汤下肚，才是最满足的！	5	1	-1
		-1					那汤要如何做呢？	5	1	-1
		1072					这我就不行了，不过我能给你推荐一个人！	5	1	-1
249	流波山-支线-煲汤之法	1073	53	51.97	117.86	2	哦，你是要来和我学煲汤呀？这好说！	5	1	-1
		-1					那就麻烦您了！	5	1	-1
		1073					煲汤最讲究原汁原味，忌讳放过多的调料。这样就会失了食材本身的香味了！	5	1	-1
		1073					另外，煲汤要花功夫的，一锅好汤，煲上一整天都不嫌多啊！	5	1	-1
		-1					原来如此，不过看来今日想喝上好汤是来不及啦。	5	1	-1
		1073					不不，来了就是缘分，我这里刚好有我煲好的汤，要不要来点儿？	5	1	-1
		-1					多谢婆婆！	5	1	-1
250	大王村-支线-大王出处	-1	42	71.05	47.63	2	老板，你们这村子为什么叫大王村啊?出过什么大王么？	5	1	-1
		579					少侠，这您可就不知道了吧！您听我跟您说说吧！	5	1	-1
		579					这大王，据传是个天神啊！	5	1	-1
		-1					天神？真的有天神存在么？	5	1	-1
		579					那是当然，这天神当年救过我们村子的所有人，后来大家为了纪念这个天神，才改的村名！	5	1	-1
		-1					救过所有人？那时发生了什么？	5	1	-1
		579					那都太古远的事情了，不过镇上有人还知道，就是村兵老队长。	5	1	-1
251	大王村-支线-真实传说	583	42	47.76	86.15	2	很久很久以前，我们村里爆发了瘟疫，你知道的，在死亡沼泽边上，发生什么样的疫病都不奇怪。	5	1	-1
		583					我家先祖不知从哪里听说的，说死亡大泽里有一座神仙宝库，那里有灵丹可以治天下百病。	5	1	-1
		-1					（神仙宝库？在死亡大泽里的神仙宝库…难道是天帝宝库？）	5	1	-1
		583					先祖出发去了那里之后，就再也没回来，后来有一天，一个书生打扮的人来到了村里，就住在先祖母亲家里。	5	1	-1
		583					他听了先祖母亲的哭诉后，便说了一句：放心吧，他一定能回来的。便消失了。	5	1	-1
		583					过了一些时日，先祖真的回来了，还拿着一瓶灵药，治好了村里蔓延的疫病！	5	1	-1
		583					先祖对大家说，他被困在了死亡沼泽中，是被一个书生模样的神仙从天而降给救了。	5	1	-1
		583					然而他却没有来得及问神仙的名字。从那之后，大家便尊称那天神为大王。	5	1	-1
252	大王村-支线-感恩大王	576	42	84.52	33.94	2	这大王仙人啊，是我们村子的神仙啊！	5	1	-1
		576					虽然我们大王村这么多年来也没有发生过什么天大的好事，但也没有遭过什么大灾啊！	5	1	-1
		576					在这死亡沼泽边上，能有这样的生活已经很满足了，风调雨顺什么的我们是不奢望了！	5	1	-1
		-1					大家都很敬仰大王仙人呢啊。	5	1	-1
		576					是呀，所以我们村才改名叫大王村啊！	5	1	-1
253	杀怪-隐藏-往事随风（2）	45	5	23.71	7.72	2	鬼…鬼啊！	5	1	-1
		-1					大叔莫怕，这些怨灵已被我消灭干净，不会再骚扰你了。	5	1	-1
		45					（渐渐安静下来）你…谢谢…他们都不在了…	5	1	-1
		45					老婆…王婶…狗蛋…你们要好好的…	5	1	-1
		-1					大叔真是可怜，亲人都不在了…	5	1	-1
254	杀怪-隐藏-竹海万顷（2）	79	6	57.2	104.1	2	$S，你居然连续砍了1000根竹子，毅力惊人啊！	5	1	-1
		-1					这黑节竹还真是磨练心性，手都起茧子了…	5	1	-1
		79					在这乱世中能够静下心来，想必将来定有一番作为！	5	1	-1
255	杀怪-隐藏-铁腕无情（2）	230	10	9.9	21.82	2	$S刚者不阿，这些偷懒弟子真的要好好教训一番才行！	5	1	-1
		-1					好说好说！	5	1	-1
		230					无规矩不成方圆，这些弟子如此偷懒，如何将天音寺发扬光大？	5	1	-1
		230					要是他们都像$S这般作为，该有多好！	5	1	-1
256	杀怪-隐藏-玉面郎君（2）	259	12	40.3	109.07	2	这些魅宗弟子的功夫还是不到家，如此下去，我合欢派后继无人啊…	5	1	-1
		-1					虽然现在还差一些，但想来若是勤加苦练，定是有一番作为的！	5	1	-1
		259					不行！还得让多训练他们的魅惑之术才好！	5	1	-1
257	杀怪-隐藏-冷血嗜杀（2）	242	11	85.43	121.4	2	这白狐是我狐岐山的灵物，你竟然一口气杀了这么多只！	5	1	-1
		-1					白虎使者恕罪，无心之失，还望海涵！	5	1	-1
		242					不知者不罪，这次就算了！	5	1	-1
		242					速速下山吧！要是被宗主发现了，你就危险了！	5	1	-1
258	河阳城-隐藏-翻跟头（2）	-1	5	54.19	84.3	2	老人家，可是您在叫我？	5	1	-1
		485					老夫我这河阳城逍遥快活很多年了，你是少有的几位能到达这塔顶看风景的！	5	1	-1
		485					$S身手不错，老夫我喜欢交朋友，你要多介绍朋友来看我呀！	5	1	-1
		485					这份薄礼就送给小友了，哈哈哈，这么多年了终于有人来到塔顶了！	5	1	-1
259	支线-好心野狗	619	43	51.9	10.31	2	我与他也是素昧平生，他便是宁愿自己淋着，好心将伞借给了我。	5	1	-1
		618					我看什么好心，分明是好色吧！	5	1	-1
		619					爷爷！人家是好人！	5	1	-1
		618					他是好人，那我岂非是佛祖转世？	5	1	-1
260	支线-新鲜事情	-1	43	103.96	57.64	2	…这鬼地方除了虫卵就是虫卵了，还能有什么。	5	1	-1
		625					非也非也，我发现啊，这长生堂其实是鸠占鹊巢~	5	1	-1
		-1					哦？怎么个说法？	5	1	-1
		625					我在这附近寻到了一块石碑！	5	1	-1
		625					石碑上记述这里原本是神农氏一族的居住地，只是不知道这些人后来去了哪里。	5	1	-1
		625					想必玉阳子那老儿就在这氏族的地盘上修建了自己的长生殿吧！	5	1	-1
261	支线-好多问题	-1	43	31.51	83.3	2	等等…你的问题怎么这么多！挑一个问！	5	1	-1
		1126					那你可是长生堂的人？（一脸戒备）	5	1	-1
		-1					长生堂已经被灭了。该我问你了！你是谁？从哪里来？要去哪里？	5	1	-1
		1126					…我为啥要告诉你？	5	1	-1
262	支线-可耻贼众	1126	43	31.51	83.3	2	我叫姜哀，是神农氏的后裔。	5	1	-1
		-1					神农氏？咦，莫非是石碑上记载的…	5	1	-1
		1126					正是。我们本生活在这与世无争。	5	1	-1
		1126					怎奈那些长生堂贼人竟会使那些怪异法术，将我们驱逐了出去…	5	1	-1
		-1					如此可耻！	5	1	-1
263	传播类-隐藏-英雄救美（1）	-1	53	89.5	96.2	2	哎？这不是田灵儿师姐么？怎么好端端的在这里发呆？	5	1	-1
		798					我偷听爹和曾伯伯聊天，说有门下弟子看到老七来了流波山，我…我就跟着齐师兄跑来了！	5	1	-1
		-1					可是鬼厉并没有到这流波山来啊…	5	1	-1
		798					（垂头丧气）来了几天了，确是没有看到小凡的影子…	5	1	-1
		808					好漂亮的小妮儿！这里没有什么小凡大凡的，只有一个好哥哥我~你要不要啊？	5	1	-1
		798					呸！大胆海盗竟敢轻薄于我，你可知我是谁？	5	1	-1
		808					哎哟哟！性子还挺烈，大爷我就喜欢这样的！	5	1	-1
264	流波山-主线-贪玩师妹	797	53	107.9	56.6	2	此间事了，我本应按照答应你的去帮助那些渔民，无奈我那贪玩的师妹呀…	5	1	-1
		-1					请问有什么需要我帮助的么？	5	1	-1
		797					我和我师妹一起来这里办事，她却不知跑去哪里了，找不到她，我不放心一个人离开。	5	1	-1
		-1					我愿意帮师兄外出去寻找一番，不知贵师妹如何称呼？	5	1	-1
		797					与我同来的是大竹峰的师妹田灵儿	5	1	-1
265	毒蛇谷-主线-蛇谷探秘	-1	65	10.3	19.6	2	这位大哥，我听说最近有兽潮侵袭，请问还招募抵御兽潮的人手么？	5	1	-1
		1307					兽潮？哼，宗主毒神岂能识不破鬼王这一石二鸟之计，早就命万毒门弟子收缩到谷内防御了。	5	1	-1
		-1					哦，原来是这样…那毒神他……	5	1	-1
		1307					你是什么人！在这问这问那的，是何居心？莫不是敌人派来的细作？！	5	1	-1
266	毒蛇谷-主线-以身试毒	-1	65	10.3	19.6	2	喂，大哥，你怎么了？	5	1	-1
		1307					啊！我的手！！我的腿！！！	5	1	-1
		-1					你受伤了？这僵尸的毒如此厉害，这么快便发作起来了么！	5	1	-1
		1307					啊啊啊！	5	1	-1
267	毒蛇谷-主线-万毒内幕	1307	65	10.3	19.6	2	你想找我们门主的话，他最近一直都在闭关。	5	1	-1
		-1					闭关？他不是生病了么？	5	1	-1
		1307					生病？门主前日亲自宣布，暂时将谷中所有事物都交给关门弟子秦公子执掌，他要闭关练功以备来日之战。	5	1	-1
		1307					我是范雄范大人的手下，你身手又这么好，范大人会很欢迎你的。范大人可是门主的首席弟子！	5	1	-1
		-1					多谢了。	5	1	-1
		-1					（原来万毒门的内幕是这样的，那就去试试看能不能从范雄下手削弱他们！）	5	1	-1
268	毒蛇谷-主线-野心初现	1308	65	63.3	22.7	2	你帮他压制了尸毒？还把不受控制的僵尸都消灭了？	5	1	-1
		-1					是的。	5	1	-1
		1308					总算这家伙不是太蠢，知道让你来找我，将功抵过我会救他一命。	5	1	-1
		1308					既然你有如此身手，便加入我麾下抵御兽潮，定能助我立下大功。待我将来接任门主，便封你为长老！	5	1	-1
269	毒蛇谷-主线-枭雄之才	1309	65	114.47	71.01	2	那范雄想争夺毒神之位？老夫倒是更看好秦无炎啊。	5	1	-1
		-1					这是为何？	5	1	-1
		1309					范雄虽是毒神大弟子，但骄横跋扈喜怒无常，毒神对他非常失望，这才收了其他弟子。	5	1	-1
		1309					秦无炎年纪虽小，但心思缜密，够阴险，够毒辣，够决绝！是个枭雄的料子！	5	1	-1
270	毒蛇谷-主线-醉心修炼	1310	65	110.62	119.39	2	毒神？走开，不要妨碍我研究毒药！	5	1	-1
		-1					可是…毒神和长老一直对你寄予厚望……	5	1	-1
		1310					进行到关键时刻了……蛇胆！嗯，对就是蛇胆！	5	1	-1
		-1					苍松道人说这次门主把事务都交给你，就是对你的考验……你大师兄可一直虎视眈眈啊……	5	1	-1
		1310					你在说什么？	5	1	-1
271	毒蛇谷-主线-另生一计	1309	65	114.47	71.01	2	秦无炎这小子，戏演得不错啊。看来不狠狠推他一把，他还要隐藏下去。	5	1	-1
		-1					推他一把？要怎么推？	5	1	-1
		1309					挑拨他三个师兄的关系，反正他们也不和睦。让他们三个斗起来，秦无炎总管谷内事务，就必须得出面。	5	1	-1
		-1					然后呢？	5	1	-1
		1309					然后你就看他的吧！这小子贼着呢，毒神看上的弟子，不会有错。	5	1	-1
272	毒蛇谷-主线-激怒范雄	-1	65	63.3	22.7	2	正是，程无牙没了妖瞳，怕你先对他下手，便连夜去找了段如山。他们二人要联手对付你！	5	1	-1
		1308					什么？这几个小子真是翻了天了！我是大师兄，师父不在，他们就必须听我号令！	5	1	-1
		-1					就是，我听说，他们打算一起去盗毒神印，然后…	5	1	-1
		1308					够了！不要再说了！我现在就去毒神印那里等他们！	5	1	-1
273	蛮荒-主线-仙途遇阻	1318	68	116.5	20.11	2	我最近修炼时，总是觉得哪里不对，隐约有一种要走火入魔的感觉。	5	1	-1
		-1					这…难道是功法的问题？	5	1	-1
		1318					我也觉得有可能，便想来这里寻找解决之道	5	1	-1
		-1					来这里寻找解决之道？	5	1	-1
		1318					是的，在圣殿中有五名长老，都是不知修炼了多久的高人，他们一定有办法。	5	1	-1
274	蛮荒-主线-瓶儿之惑	-1	68	63.27	80.67	2	是这样，有人拜托我来询问功法的疑问，她最近修炼总觉得将要走火入魔	5	1	-1
		1319					哦？是什么门派的？	5	1	-1
		-1					回前辈，是合欢派的。	5	1	-1
		1319					嗯，他们的功法确实有缺憾啊，这倒不是什么大问题。	5	1	-1
		-1					真的么？那么，前辈可以帮她？	5	1	-1
		1319					我有答应帮忙么？	5	1	-1
275	蛮荒-主线-无能为力	-1	68	63.27	80.67	2	前辈，您的要求是在是太难了，天魔策已经遗失许久，我那朋友目前也功力全无，无法去找。	5	1	-1
		-1					不知您能否换个条件，我替那朋友答应，待她功法问题解决后，必将竭力寻找天魔策。	5	1	-1
		1319					嗯，也算有一份心了，罢了，我就换几个条件吧！	5	1	-1
276	蛮荒-主线-长老内乱	-1	68	63.27	80.67	2	不知我能为大长老做些什么？	5	1	-1
		1319					我们五人当年发誓，永守圣殿，绝不离开一步。	5	1	-1
		1319					但是我发现最近老三老四老五他们总是在讨论争夺诛仙剑一事。	5	1	-1
		1319					我猜想他们是想要离开这里，去参与世间嘈杂之事。	5	1	-1
		1319					我想请你帮忙，绝了他们的念想！	5	1	-1
		-1					我尽力而为。	5	1	-1
277	蛮荒-主线-天书残卷	1319	68	63.27	80.67	2	这世间，不单合欢派的功法有缺陷，其他门派也有！	5	1	-1
		1319					长生堂的功法过于纯阳，修炼到深处会自焚而亡！	5	1	-1
		1319					万毒门的功法过于阴毒，修炼者最终都逃不过万毒蚀心！	5	1	-1
		1319					唯有鬼王宗！鬼王宗我至今都看不透啊！我甚至怀疑鬼王和鬼先生的身份！	5	1	-1
		1319					他们是如何找到功法的缺陷并解决的？他们是不是有我们没有发现的天书残卷？！	5	1	-1
278	主线-噬血来历	230	10	9.9	21.82	2	这噬血珠乃是普智年轻时候，游历西方沼泽时无意中拾得。	5	1	-1
		230					得知此物乃天下至凶异物，他便秉着上天仁慈之心，日夜携带在身边以佛门大法镇压。	5	1	-1
		230					之后的事情你便应该都知道了，这凶物戾气终悄悄侵蚀了他的神智。	5	1	-1
		-1					...那此物可有别的压制之法？	5	1	-1
		230					当初我曾劝过他，以天赐神物无字玉壁镇压！如今此法兴许不失为一条门路。	5	1	-1
279	隐藏任务-翻跟头2-半许相思（2）	239	11	75.72	6.78	2	你…手里拿的可是伤心花？	5	1	-1
		-1					是…这正是伤心花！	5	1	-1
		239					我的碧瑶也有这么一朵…	5	1	-1
		239					现在花还在，可我的碧瑶却…	5	1	-1
		-1					不要太伤心了，我相信碧瑶小姐终有一天可以醒来的！	5	1	-1
		239					谢谢你，我一定不会放弃寻找唤醒碧瑶的办法！	5	1	-1
280	隐藏任务-翻跟头3-白衣少侠（2）	82	6	88.08	36.98	2	来来来，我给你看个新鲜玩意！	5	1	-1
		82					你看这水晶球，是我爹年轻时候出外游历时意外寻到的！	5	1	-1
		82					你觉得我用这个玩意去和小凡换三眼灵猴，他会不会答应呐？	5	1	-1
		-1					额…那猴子是小凡的心头宝，我觉得…难！	5	1	-1
		82					哎，我还是再去爹的书房找找有什么更有趣的玩意吧！	5	1	-1
281	隐藏任务-翻跟头4-财迷心窍（2）	530	4	29.19	28.55	2	喂！你们在我们小池镇飞来飞去，交过路费了么？	5	1	-1
		-1					什么？过路费？	5	1	-1
		530					对，这土地是我小池镇的土地，这天空也是我小池镇的天空，你们路过了就要交过路费！	5	1	-1
		-1					（不理他）你还真是叫“钱小眼“，捡不到钱就叫丢是吧！	5	1	-1
		530					你懂什么，我攒了路费是要去须弥山看无字玉壁的！	5	1	-1
282	十万大山-主线-血炼媒介	-1	45	96.2	58.6	2	如何？	5	1	-1
		1057					我试了下，居然无法驱动这乾坤青光戒了。	5	1	-1
		-1					怎会如此？	5	1	-1
		1057					你找到戒指的地方可见到血液？	5	1	-1
		-1					是有一个尸体	5	1	-1
		1057					这就是了，猜得不错的话，这戒指应该是被意外血炼过了 ，只有血炼时血液主人可以驱使，为今之计就是迅速找到另一法宝再次用我的血进行血炼。	5	1	-1
283	隐藏任务-小凡踪迹（1）	1497	5	49	80	2	我是河阳城第一帅！	5	1	-1
		-1					你是哪里来的勇气？	5	1	-1
		1497					不信你去问问河阳城的姑娘们，谁是河阳城第一花美男？	5	1	-1
284	隐藏任务-小凡踪迹（6）	-1	5	4	47	2	原来你就是大家口中的白小凡，久仰久仰！	5	1	-1
		1498					幸会幸会，不知仙友有何事？	5	1	-1
		-1					城里的百姓都说你是这河阳城最帅的，就是百闻不如一见呐！	5	1	-1
		1498					自从我来河阳以来，独得百姓青睐，我就劝姑娘们啊，一定要~雨~露~均~沾~~	5	1	-1
		1498					可是姑娘们就是不听，就是不听，就是不听！	5	1	-1
		-1					……	5	1	-1
		1498					哈哈哈，开玩笑的，河阳城的百姓们这么朴素友善，待人都是极好的！	5	1	-1
285	主线-炼血来历	83	6	91.73	81.64	2	那我便向你简单说说这炼血堂来历吧。	5	1	-1
		83					这炼血堂乃百年前，魔教妖人黑心老人创立。虽说道不两立，但不得不说，这黑心老人道法禀赋实属奇才。	5	1	-1
		83					他手中那法宝噬血珠更是天造神器，这炼血堂一统魔教可谓风生水起。	5	1	-1
		83					只是我正道弟子几百年来前仆后继对抗魔教，黑心老人又无故失踪，这炼血堂便逐渐衰败了下去。	5	1	-1
		83					到如今，突然又有后起之事，掌门也吩咐了我等不容掉以轻心才是。	5	1	-1
286	主线-各番心思	83	6	91.73	81.64	2	$N，你来，我有话要嘱咐于你。	5	1	-1
		83					听说这次空桑一行，陆雪琪师妹也要前往…你知道的，她心里还有的那件放不下的事情。	5	1	-1
		83					既为同门，你当从旁帮衬着些，莫要她做些出格的事情。	5	1	-1
		-1					晚辈明白，师兄放心。	5	1	-1
		83					恩，你办事，我还是放心的。	5	1	-1
287	主线-炼血来历	225	10	58.08	53	2	那我便向你简单说说这炼血堂来历吧。	5	1	-1
		225					这炼血堂乃百年前，魔教妖人黑心老人创立。虽说道不两立，但不得不说，这黑心老人道法禀赋实属奇才。	5	1	-1
		225					他手中那法宝噬血珠更是天造神器，这炼血堂一统魔教可谓风生水起。	5	1	-1
		225					只是我正道弟子几百年来前仆后继对抗魔教，黑心老人又无故失踪，这炼血堂便逐渐衰败了下去。	5	1	-1
		225					到如今，突然又有后起之事，方丈也吩咐了我等不容掉以轻心才是。	5	1	-1
288	主线-各番心思	225	10	58.08	53	2	$N，你来，我有话要嘱咐于你。	5	1	-1
		225					听说这次空桑一行，青云门众人也要前往…你知道的，有个人，当是我们两家都万分关注的。	5	1	-1
		225					但是普智师叔生前嘱咐过，对那人我天音有不可推卸的责任，如果他有危险，你当从旁帮衬着些。	5	1	-1
		-1					晚辈明白，师兄放心。	5	1	-1
		225					恩，你办事，我还是放心的。	5	1	-1
289	主线-炼血来历	239	11	75.72	6.78	2	那我便向你简单说说这炼血堂来历吧。	5	1	-1
		239					这炼血堂乃百年前黑心老人创立。也听宗内各位圣使说起，这黑心老人道法禀赋实属奇才。	5	1	-1
		239					我手中噬魂上的这颗噬血珠，便是当年他用的法器。	5	1	-1
		239					想来后来黑心老人无故失踪，死在那空桑滴血洞中，是否也是受噬血珠影响也不得而知了。	5	1	-1
		239					到如今，这衰败许久的炼血堂突然又有起势，鬼王也吩咐了我等不容掉以轻心才是。	5	1	-1
290	主线-各番心思	239	11	75.72	6.78	2	$N，你来，我有话要嘱咐于你。	5	1	-1
		239					听说这次空桑一行，青云门众人也要前往…你知道的，我心里对这些人始终是有隔阂的了。	5	1	-1
		239					如若我有不便露面的时候，还得你多帮衬着些。痴情咒乃碧瑶从滴血洞所得，我此番调查是万不可有误的。	5	1	-1
		-1					我明白，副宗主你放心。	5	1	-1
		239					恩，你办事，我还是放心的。	5	1	-1
291	主线-炼血来历	254	12	107.96	65.63	2	那我便向你简单说说这炼血堂来历吧。	5	1	-1
		254					这炼血堂乃百年前那黑心老儿创立，之前你也应该听欢喜婆婆提到过吧。	5	1	-1
		254					虽然不愿意承认，但不得不说，这黑心老人道法禀赋实属奇才，想必这也是让金铃祖师欣赏的吧。	5	1	-1
		254					想来后来黑心老儿和金铃祖师无故失踪，我们合欢一派靠着门中众人努力才维持了今日的地位。	5	1	-1
		254					这炼血堂便就此衰败了下去，如今突然又有起势，我等不容掉以轻心才是。	5	1	-1
292	主线-各番心思	254	12	107.96	65.63	2	$N，你来，我有话要嘱咐于你。	5	1	-1
		254					听说这次空桑一行，鬼王宗众人也要前往…你知道的，我合欢宝器合欢铃还仍旧在他们手中。	5	1	-1
		254					你当还多注意些他们可有把此物带上，如若时机恰当…	5	1	-1
		-1					我明白，夫人还请放心。	5	1	-1
		254					恩，你办事，我还是放心的。	5	1	-1
293	隐藏-寻味河阳（1）	-1	5	59.07	73.74	2	哇，这鸡块金黄酥脆，鲜嫩多汁，竟是如此美味！我要再来一份！	5	1	-1
		217					哎呦不巧，这吮指原味鸡呀卖得很快，您手里已经是最后一份了。	5	1	-1
		-1					可是我真的很想再吃一份呢！哪里还能买到？	5	1	-1
294	隐藏-寻味河阳（3）	-1	5	43	92	2	老人家，货郎那儿卖的吮指原味鸡可是您做的？真是太好吃啦！	5	1	-1
		1503					哈哈，看来你也是个识货的，这河阳城除了我，还有谁有这样的手艺？	5	1	-1
		-1					那您这儿可还有？我刚吃了一份，这会儿还有些意犹未尽呢！	5	1	-1
		1503					我这吮指原味鸡向来是限量出售……	5	1	-1
		-1					老人家，求求您啦，吃了您这炸鸡，现在吃别的都食之无味了。	5	1	-1
		1503					也罢，年轻人，看你这么有诚意，若是能回答出我的问题，我便为你再做一份。	5	1	-1
295	周一仙隐藏-古旧残片	-1	-1	-1	-1	2	看师爷怔怔出神，不知是在思考何事？	5	1	-1
		1504					近日我整理帮内卷宗时，无意间发现了这个…你看看，可认得此物？	5	1	-1
		-1					看起来像是一副地图？可惜，这么小一块，也看不出绘的是哪儿。	5	1	-1
		1504					罢罢，我拿着也没有什么用。你总东奔西走的，眼界广，这残片你就拿去研究吧！	5	1	-1
296	周一仙隐藏-顺水人情	-1	5	21.24	66.45	2	周大仙人真是说笑，您这青天神算，还愁不知财运何时将至？	5	1	-1
		15					非也，非也。我看相，所言所语多半都是谈及日后半生的大处境，这详尽到细枝末节的东西，说破了，就不灵了！	5	1	-1
		-1					周大仙人您这嘴上功夫，晚辈真是说不过你…	5	1	-1
		15					诶，说归说，眼看着行云的祭日快要到了，老夫这还两手空空，一个子儿都掏不出…这祭品和香火…（边说着，时不时看上你几眼）	5	1	-1
		-1					（想来也是有求于先生）就我与先生这交情，此事就交给晚辈来办吧！莫要见外！	5	1	-1
		15					好好好！既然你有意，我也就顺水人情，不见外，不见外的~	5	1	-1
297	周一仙隐藏-重见天日	-1	5	21.24	66.45	2	看样子，先生应该是识得此物的吧！真是找对人了！	5	1	-1
		-1					这份残片，其实是本帮师爷整理帮内卷宗无意得获的东西，我与他都不识得此物，想先生阅历丰富，所以才来请教一二。	5	1	-1
		15					原来这上半部分是这个模样…如此来看，还真确有其事。	5	1	-1
		-1					周大仙人您就别卖关子了，这残片绘制的地方，到底是哪儿啊？…	5	1	-1
		15					诶，等我给你看样东西先。	5	1	-1
298	周一仙隐藏-尘封往事	15	5	21.24	66.45	2	我也就是在那个时候，发现了这几张残片。并推测出了一个惊天秘密…	5	1	-1
		15					根据残片上的文字，和那些看似地图的杂乱线条。似是跟那长生界有关。	5	1	-1
		15					当时更有传言，说若能修齐所有天书，即可突破造化境界，修悟成仙，得永生。	5	1	-1
		-1					什么？长生界？永生？等等…我得消化消化。	5	1	-1
		15					其实你知道的，修真之人，说到底也就是奔着那不老不死的永生去的。年轻时候的我，也是有这份心思的。	5	1	-1
		15					得到这些残片后，我便带着行云，又找到挚友万人往，一起去寻找那所谓长生之法。最后却落得行云遇难，不知所踪的下场…	5	1	-1
299	周一仙隐藏-小心化解	-1	11	75.72	6.78	2	怎么？还是没有找到什么起死回生的法子么？	5	1	-1
		239					（摇了摇头）哪能这么轻松，我倒也不是感慨这个。	5	1	-1
		239					细细想来，鬼王已经有一月多未来石室看碧瑶了。以前，他可是天天都会过来的…	5	1	-1
		239					如今他就呆在那血池里，也不知道与鬼先生神神秘秘的在谋划些什么…脾气也是一天比一天怪戾…	5	1	-1
		-1					怕是有事缠身，无力分心吧…你也别多想，他总不会做害碧瑶的事情吧。	5	1	-1
		239					但愿如此…对了，最近万毒门毒神那几个弟子，似乎在为什么东西斗得你死我活，毒蛇谷那一带，这些日子你还是避开些为妙。	5	1	-1
300	周一仙隐藏-真假糊涂	-1	5	21.24	66.45	2	晚辈道行浅薄，如今那么多大能都未能修成正果，我倒是从来没有想过永生的事情。	5	1	-1
		15					也是…世人多追求那长生之术，希望拥有无边道法，掌至高权利。	5	1	-1
		15					可不老不死又怎样，高高在上呼风唤雨又怎样。怎比得上放开心怀，逍遥天地之间，看众生万象自在快活。	5	1	-1
		15					嗨，我什么时候这么关心他人的闲事了~财运财运，我得忙活我的生财之道去了！	5	1	-1
		-1					…真看不透这老先生，倒是真糊涂，还是装糊涂了。	5	1	-1
301	隐藏-说来话长	-1	45	92.2	21.5	2	老人家，这个东西是…药方？	5	1	-1
		1054					是啊是啊，说起来那也是一百多年前的往事了，那时候我父亲的父亲也才像你这么大！	5	1	-1
		1054					那个夏日异常燥热，寨子里的人高烧不退，不少身子弱的娃娃就那么去了。	5	1	-1
		1054					大家听天由命之际，村里来了一位九天仙女，身边还有一位黑纱蒙面的先生，这二人真是菩萨心肠，好多将死之人都让他们给救活了。	5	1	-1
		-1					那后来呢？	5	1	-1
		1054					后来我们才知道，跟在仙女旁的那位先生，就是人称“活死人医白骨”的“鬼医”！	5	1	-1
		1054					二人救了我们之后，就继续往大山深处去了，以后再也没见过他们！	5	1	-1
302	隐藏-分内之事	239	11	75.72	6.78	2	（微微一皱眉头）“鬼医”？	5	1	-1
		-1					嗯，我刚刚从十万大山回来，寨子里的村民说“鬼医”百年前曾救人无数，似是掌握的能令人起死回生的法子。	5	1	-1
		239					实不相瞒，我也曾听说过“鬼医”的名号，但百般寻找也没有发现任何踪迹，他去过十万大山之后就像人间消失了一样，谁也不曾再见过他。	5	1	-1
		-1					找到他的话，是不是就能救醒碧瑶小姐了？ 	5	1	-1
		239					我不知道…真的不知道。十年了，我用尽办法也不能唤醒碧瑶，真的很怕…	5	1	-1
		239					$S，这位“鬼医”曾经给过普智一颗“三日必死丸”，我身份特殊，不便去天音寺，你替我跑一趟吧，去天音寺找找他的线索。	5	1	-1
303	隐藏-往事如梦	227	10	58.35	123.23	2	听闻那“鬼医”来历成迷，掌控起死回生之术，医术过人但性情古怪。	5	1	-1
		227					你手里的这个小盒子，应该就是用来装三日必死丸的了。	5	1	-1
304	隐藏-尘封往事	-1	6	96	117	2	（两眼放光）老人家，您也知道“鬼医”？	5	1	-1
		72					知道，知道！这世间恐怕没有人比我更知道“鬼医”了！	5	1	-1
		-1					那老人家可以告诉我，鬼医现在人在何处么？他是不是掌控起死回生之术，能不能救治碧瑶小姐？	5	1	-1
		72					哈哈哈，年轻人这么心急，你一下子问我这么多，我要怎么回答你呢？	5	1	-1
		72					这“鬼医”医术确实了得，我的一位“故人”的断臂，就是被他治好的！	5	1	-1
		72					百年前我与他还有普智和尚，曾一同前往西北蛮荒修行。	5	1	-1
		72					那时候的我们，执着的认为在更遥远的地方，一定有某种的神秘力量存在，那是一股可以颠覆一切的力量。			
		72					后来我们都放弃了这种想法，只有他，依旧坚定的寻找着这股力量，寻找着那片混沌之地。	5	1	-1
		-1					那他最后找到了？	5	1	-1
		72					年轻人，你还小，有些事情还是不知道为好！	5	1	-1
305	隐藏-态度诡异	-1	40	106	69	2	云掌门勿怪，晚辈只是想见云掌门一面，想来也是看门弟子有所误会才造成此局面。还望云掌门海涵！	5	1	-1
		1506					你来我焚香谷到底有何贵干？	5	1	-1
		-1					不知云掌门是否认识一位“鬼医”？晚生想打听一下此人…不知…	5	1	-1
		1506					（脸色突变）哼！你当我焚香谷是江湖八卦门派么？什么医不医的，我不知道！	5	1	-1
		-1					云掌门切莫动怒，只是听闻“鬼医”曾是焚香谷的弟子，而且晚生打听此人只为救人性命…还望…	5	1	-1
		1506					说了不知道就是不知道！你也出来不少时候了，想必贵派也该招你回去，我就不多留你了！洵儿，送客！	5	1	-1
306	隐藏-柳暗花明	-1	40	62	65	2	晚辈只是路过，误落了一只药盒在此，寻后立刻离去，先生切勿动怒…	5	1	-1
		1507					罢了，你走吧…	5	1	-1
		1507					（看了一眼你手中的药盒）等一下！你手里的是什么？	5	1	-1
		-1					晚辈受鬼厉之托，寻找救治碧瑶小姐的办法，听闻“鬼医”掌控起死回生之术，本想请他来救治碧瑶小姐…	5	1	-1
		-1					这个盒子是从天音寺普智圣僧房中得到的，无奈线索中断了，无法寻到鬼医踪迹。			
		1507					呵，这“鬼医”是没有办法救活碧瑶小姐的，不用白费力气了！	5	1	-1
307	隐藏-鬼医之谜	-1	40	62	65	2	先生，您是认识那位“鬼医”的，对吧？	5	1	-1
		1507					（沉思许久）不错，我确实认识他…	5	1	-1
		1507					他本是焚香谷的入室弟子，百年前与云易岚并称“焚香双杰”，云易岚那厮唯恐他觊觎掌门之位，竟然设计陷害！	5	1	-1
		1507					他不但被逐出焚香，还被废去一身修为，散去三魂六魄。			
		1507					哈哈哈，偏偏命不该绝！被一位异族服饰的女子所救，并带去混沌之地学习医术。	5	1	-1
		1507					“鬼医”一心只想报复焚香谷，偷学返魂禁术，以血肉为媒，以献血为祭，最终走火入魔…	5	1	-1
		1507					（说到此时忽然疯癫起来）啊啊啊啊啊啊！…	5	1	-1
308	隐藏-心怀希望	-1	11	75.72	6.78	2	鬼厉，不要放弃希望，虽然我们没有寻到“鬼医”，但却打听到了他师从一位异服少女，鬼医的起死回生之术就是从她那里学来的！	5	1	-1
		-1					而且那个神秘的混沌世界似乎有某种未知的力量，这股力量也许能救碧瑶小姐呢？	5	1	-1
		239					$S，等到时机合适，你同我一起去寻找那个混沌世界吧！只要还有一丝希望，我就不会放弃救碧瑶！	5	1	-1
		-1					一言为定！当下之际还是努力修行提升自己吧！	5	1	-1
309	隐藏-三缄其口	1507	-1	-1	-1	-1	你走吧…	5	1	-1
		-1					先生…	5	1	-1
		1507					走或者死，你选！再多说一句，立刻死！	5	1	-1
310	焚香谷隐藏-神秘玉佩	562	41	23.76	17.66	2	正巧，你也看看这玉佩。	5	1	-1
		-1					咦，这玉佩触手生温，隐有暖意流动，看来不是凡品呀，你又从哪里得来了这样的好东西。等等，这玉佩上的纹饰……	5	1	-1
		562					我也是从一名焚香谷弟子身上得来的。看你对这玉佩似乎颇有兴趣，不如拿去研究一番。	5	1	-1
311	焚香谷隐藏-故人遗物	-1	40	51.16	123.58	2	这玉佩是鬼厉从一焚香谷弟子身上所得，我见纹饰似乎与你狐族相关，不知你可曾见过？	5	1	-1
		560					（看到玉佩后沉默良久）少侠，可否将这玉佩赠我……这是我同族小媚之物……	5	1	-1
		-1					小媚？还没听姑娘提起过，她现在是在狐岐山吗？	5	1	-1
		560					小媚……她三百年前就死在了这焚香谷，就在我的面前……这玉佩就是当年她珍爱之物……	5	1	-1
		560					（哽咽）何止是她，我的族人们，大抵都埋葬在这谷中了吧……	5	1	-1
		-1					（心情沉重，久久说不出话来）	5	1	-1
312	焚香谷隐藏-往事惊魂	-1	40	51.16	123.58	2	（沉重）小倩，我不太懂你们当年为什么一定要与实力强大的焚香谷抗衡，夺取玄火鉴，付出了这么多，值得吗？	5	1	-1
		560					（陷入回忆）为了什么，我也不懂，我那时还小。但族长说玄火鉴的力量很强，对我们狐族是很重要的东西，为此付出一些代价，也是在所难免……	5	1	-1
		-1					（震惊）什么！是小白需要玄火鉴的力量，所以要带你们全族的人来夺取？为此付出这么大的代价，她竟然不在意吗？	5	1	-1
		560					你误会族长了，她……	5	1	-1
		-1					我也不愿相信她是这样的人。	5	1	-1
313	焚香谷隐藏-询问小白	-1	44	8.92	7.94	2	小白，鬼厉在焚香谷一名弟子身上，发现了小媚的玉佩，她…已经死了。	5	1	-1
		826					（美丽的面容透出一丝哀伤）我知道，她死在三百年前。	5	1	-1
		-1					究竟是什么，让你这般不顾一切的前去夺取玄火鉴……	5	1	-1
		826					（喃喃自语）我那时，大概是疯了吧……是我执念太深……	5	1	-1
		-1					（看小白如此自责，也不是不介怀于心的……）	5	1	-1
314	焚香谷隐藏-重忆前尘	826	44	8.92	7.94	2	当年若非我一意孤行，也不至于如此。我的族人，都是被我害死的！	5	1	-1
		-1					当年你如此决然，可是有什么不得已的理由？	5	1	-1
		826					我狐妖一族，本为九尾狐族之后，但多年来流落人间，法力衰微，饱受欺凌，更被修真之人视为妖邪。这数千年来，我们只得隐居在南疆的穷山恶水之中。	5	1	-1
		826					那一年，我修为大成，继任族长，一心想复兴狐族。一次偶然，我偷阅南疆古巫族的典籍，发现南疆之地竟然蕴藏着强大的“天火”之力。	5	1	-1
		-1					“天火”之力？我竟从未听闻，不知从何而来？	5	1	-1
		826					这“天火”之力的来历，无人能说得清楚，但强大非凡，世所罕见。而有一无上至宝，为万火之精，蕴至阳之力，若能加以利用，于我族修行大有裨益。	5	1	-1
		-1					这无上至宝，说的可是玄火鉴？难道玄火鉴就是探寻这“天火”之力的关键所在？	5	1	-1
		826					没错，这一念既起，我便再也无法释怀。每日心中所想，便是如何取得玄火鉴，振兴我狐妖一族。千年之前，我终于觅得了一个千载难逢的良机！	5	1	-1
		-1					千年之前……兽神降世！	5	1	-1
		826					然而我志在必得，寻找玄火鉴，竟是无功而返，那宝物已不知所踪……此后南疆战乱不断，我只好带领族人迁徙至狐岐山，倒也过了几百年逍遥自在的生活。	5	1	-1
315	焚香谷隐藏-刀兵再起	826	44	8.92	7.94	2	（悲伤）是我禁不住诱惑！三百年前，我受人蛊惑，说道玄火鉴已成为焚香谷的至宝。而焚香一派，亦由此壮大，成为正道领袖之一。	5	1	-1
		826					重宝在前，我与族中长老商议，决意以全族之力，背水一战……后来，呵呵，我便成为了狐族的千古罪人！	5	1	-1
		-1					（久久说不出话来）你既决意复兴狐族，面对如此法宝，焉能不心动。你本也没有错，如此结果，大概也是天意吧……	5	1	-1
316	焚香谷隐藏-焚香秘事	-1	44	8.92	7.94	2	如你所说，这玄火鉴本为古巫族至宝，在千年前南疆大乱之后，就不知所踪。可是为何这几百年来，都听闻玄火鉴乃是焚香谷的镇谷之宝呢？	5	1	-1
		826					哼，焚香谷虽以名门正派自居，实则都是道貌岸然、心机深沉之辈。当年他们在南疆建派，便是别有用心。至于玄火鉴，哼，不知道使了多少肮脏的手段！	5	1	-1
		-1					（震惊）呃，焚香谷虽行事低调，但也是正派魁首，你竟然……	5	1	-1
317	焚香谷隐藏-阴影重重	826	44	8.92	7.94	2	焚香谷有什么阴谋，我怎么会知道？再说，若被我知道了，那还能叫阴谋吗？	5	1	-1
		-1					（目瞪口呆）可你刚刚才说……	5	1	-1
		826					呵呵，我在焚香谷被囚禁三百年，多少也有所察觉，焚香谷上下在筹谋着什么了不得的事情，长达数百年之久……	5	1	-1
		-1					（沉思）如此说来，焚香谷果真有重大图谋…之前那鱼人之事，没准也与此有关……却不知所谋为何，对我师门有无影响？	5	1	-1
		826					（缓缓地）数千年来南疆各势力勾心斗角，皆由那神秘的“天火”之力而起，千年之前，更是……	5	1	-1
		826					（突然停住）不……此间关节，恕我不能同你细说了，知道太多，未必就是好事。	5	1	-1
		-1					……这简直是在逗我。	5	1	-1
		826					（欲言又止，面色渐渐凝重）这其间关系重大，不是你小小少年所能想象。年轻人强趟这趟浑水，就不怕将自己置于万劫不复之境！？	5	1	-1
318	焚香谷隐藏-三思后行	-1	40	22.63	5.5	2	（将之前发生的事告知鬼厉）焚香谷已知道玄火鉴在你身上，你万事小心。	5	1	-1
		554					那玉佩竟是狐族之物，交与小倩最好不过。	5	1	-1
		-1					这一趟最要命的是，感觉自己好像听到了什么了不得的事情，又好像什么也没听到，真是如百爪挠心一般。	5	1	-1
		554					（淡淡一笑）焚香谷？哼，有点意思……小白不愿与你深谈，许是有她的道理，此事你也先不要向他人透露了。	5	1	-1
		-1					为什么，对此事我虽不甚了解，但焚香谷显然是别有图谋。至于那“天火”之力和玄火鉴，更是事关重大，难道不应禀报师门，早作防范?	5	1	-1
		554					焚香谷别有图谋，玄火鉴来历成谜？你又有何证据？是只凭偷听的那些模糊不清的片段，还是凭一只刚刚逃出的狐妖捕风捉影的猜测？你觉得会有谁相信你？	5	1	-1
319	隐藏-万毒之威	1318	68	116.5	20	2	信上说呀，近日就能查到万毒归宗袋的具体下落，请师父放心，一定将这宗门至宝寻回。	5	1	-1
		-1					万毒归宗袋？	5	1	-1
		1318					你呀！一定是平时没好好学！连万毒归宗袋都不知道。当年仗着这件位列魔门四奇宝的法宝，万毒门几乎要成为第二个炼血堂！	5	1	-1
		1318					不过正在万毒门如日中天时，突然传出他们门主冲关失败的消息，这件宝物自此也就销声匿迹。	5	1	-1
		1318					原以为是他们弟子功力不够，没想到竟是被这帮废物弄丢了，哈哈哈。（这件事关系重大，一定要禀报师门。）	5	1	-1
		-1					竟然是如此重宝！不行，我得去阻止他们。	5	1	-1
		1318					你就忍心将现在功力尽失的姐姐丢在这儿么。姐姐刚帮了你，你却这样待姐姐……呜呜呜……	5	1	-1
		-1					别哭啊……大长老不是答应帮你了，他可比我强多了。	5	1	-1
320	隐藏-探听消息	1307	65	10.3	19.6	2	哦哦哦，是你啊，任务执行完啦？（这货是哪个？好像有点眼熟的样子。）	5	1	-1
		-1					别提了，好不容易借完成任务的便利在外面逛逛，结果突然就把我召回来了。	5	1	-1
		-1					这是我顺路带回的一点小东西，承蒙师兄关照，还请收下呀。不知这次是发生了什么事？不会是我偷懒被发现了吧？	5	1	-1
		1307					师弟客气啦。宗门还不至于因为这点小事追究你，应该和最近的调动有关系。（还挺懂事的嘛，我竟然会没多少映像。 一定是最近太忙了。）	5	1	-1
		1307					你要知道，自从秦师兄从死亡沼泽回来，我们就常常有调动，最近更是频繁。	5	1	-1
		1307					说起来，我们这的毒物最近都不太正常，越来越暴躁，难道是他们感受到兽妖的气息了？	5	1	-1
321	隐藏-试探苍松	-1	65	114.47	71.01	2	道长可知道一份地图？	5	1	-1
		1309					（震惊）地图！？……什么意思，什么地图？	5	1	-1
		-1					那道长可知道万毒归宗袋？	5	1	-1
		1309					凶名赫赫的魔门四奇宝之一我怎么会不知道。怎么，你师父竟然没教你么？真是误人子弟啊。	5	1	-1
		-1					家师确实少教了我点东西，比如说……怎么背叛师门，怎么捅师兄一刀。	5	1	-1
		1309					（恼怒）好个牙尖嘴利的$N。你走，这里不欢迎你！	5	1	-1
322	隐藏-无炎行踪	1310	65	110.62	119.39	2	秦师兄执行秘密任务去了，让我在这里应付一下其他人！	5	1	-1
		-1					胡说！他找我来的，怎么可能先走了？	5	1	-1
		1310					哎，别打。秦师兄真的去执行任务了，也许是忘记交代我关于您的事了。	5	1	-1
		-1					难道他去死亡沼泽了？他之前就是请我帮他在死亡沼泽做一件事。	5	1	-1
		1310					啊，您知道呀。没错，秦师兄的确去了死亡沼泽。	5	1	-1
		-1					他没交代你别的？比如怎么找到他？	5	1	-1
		1310					真没有，否则我敢不告诉您？也许秦师兄在死亡沼泽给您留了线索？	5	1	-1
323	隐藏-柳暗花明	-1	43	31.51	83.3	2	那倒不必了，我这次前来却是有任务在身的。	5	1	-1
		1126					任务？我能帮上什么忙么？	5	1	-1
		-1					不知道姑娘可曾在附近看到一个紫发紫衣的青年？	5	1	-1
		1126					我想想……啊，有了！大概在那个方向曾看到过这么一个人。	5	1	-1
324	隐藏-炼血秘辛（1）	-1	-1	-1	-1	-1	某炼血堂长老：“自黑心祖师于空桑山建立炼血堂一派之后，横扫八荒，收服了无数圣教高手，我炼血堂成为了天下第一教，威势之盛，古今罕见！”	5	1	-1
		-1					“那时那些自诩正派之人，集结于一处，扬言要除我炼血铲我圣教。为首者名青叶，持一柄非金非石之剑，运一气化三清之术，竟不弱于我黑心祖师！”	5	1	-1
		-1					“然而我教人数之多，十倍于他，又怎会怕了？”	5	1	-1
		-1					“大战之中，正派之人屡战屡退，最后被我等团团围剿于青云山上。在我等上山之时，世间最可怕的事情发生了……”	5	1	-1
		-1					“那次大战之后，我万幸逃过了一劫，然而宗内其他高手都不见了踪影，只怕是无一幸免。”	5	1	-1
		-1					（这青叶真人手中的诛仙剑阵竟恐怖如斯。）	5	1	-1
		-1					“而后我遇到了黑心祖师，祖师同样负伤不浅。我受祖师之命，前往西方沼泽进行布置，留下我炼血堂一脉再起之机。”	5	1	-1
325	隐藏-炼血秘辛（3）	-1	-1	-1	-1	-1	这机关上有几道古朴神秘的纹路，在纹路的侧边还有一处凹槽。	5	1	-1
		-1					看来应该是要拿什么东西嵌入这个凹槽才行。	5	1	-1
		-1					看来这机关需要找到相应的钥匙才能打开，这个钥匙会在哪里呢？	5	1	-1
		-1					听说炼血堂的老巢在空桑山，就去那里看看吧，也许会有线索	5	1	-1
326	隐藏-求饶献物	497	31	77.6	78.4	2	大人饶命，大人的问题小的一定知无不言言无不尽。	5	1	-1
		-1					我且问你，你可知炼血堂的有哪些机关禁制？还有它们开启的方法？	5	1	-1
		497					呃，这个小的真不知道啊。	5	1	-1
		-1					哼！那你有什么知道的？快说！	5	1	-1
		497					前几年在空桑山有过一次地震，那时候小的在乱石堆里发现了一个有咱们炼血堂标记的印信。嘿，小的一时贪心没交给老大。	5	1	-1
		497					然后小的发现靠近死灵渊浮岛的时候这印信就会有动静，只是小的法力低微，哪敢去查看，只好先作罢，那里也许会有大人想要的东西。	5	1	-1
327	隐藏-黑心旧事	-1	-1	-1	-1	-1	“前日，我教又有独心、焚天二长老为正道所擒，诛杀于昌合城郊。”	5	1	-1
		-1					“他们二人平日行事低调，正道之中认识他们的人寥寥无几，出手之人应该是另有他人。”	5	1	-1
		-1					“近来也有正道弟子被杀后被人伪装成是我炼血堂所为，恐怕是有人想挑起两道之间的战争。”	5	1	-1
		-1					“不过我黑心终有一日要一统天下，如此一来，倒是正合我意，给了我一个攻打正派的理由，留心警惕挑拨者便是。”	5	1	-1
		-1					“我已一统圣教，待到我击破正派，一统天下指日可待！”	5	1	-1
		-1					“只是金铃对我情深，我却不能顾及。。。诶，罢了罢了，儿女情长之事待我大业成时再议。”	5	1	-1
328	隐藏-金铃旧事	-1	-1	-1	-1	-1	嗯？这封书信好像不太一样……是用血写成的！	5	1	-1
		-1					“你说过，待到一统圣教之后，我们便就此双宿双栖，从此鸳鸯眷侣。”	5	1	-1
		-1					“可是，为什么？为什么你突然会变得我这般冷酷无情？为什么你一直不肯见我？”	5	1	-1
		-1					“我不信，我不信是你对我变了心！我一定要找你问清楚！”	5	1	-1
		-1					“我金铃在此发誓，若不见你，此生此世不离空桑！”	5	1	-1
329	隐藏-黑心残魂	-1	-1	-1	-1	-1	可是这件？既然你是黑心老人，告诉你也无妨。（你把在空桑浮岛的发现告诉了他）	5	1	-1
		1564					金铃……当年若不是被噬血珠迷了心智，我又怎么会这般对她。在离了它后，我才明白，当年对金铃犯下了多少错事。	5	1	-1
		-1					这噬血珠是何来历？金铃夫人的媚术尚且迷不了你，这噬血珠是如何做到的？	5	1	-1
		1564					这噬血珠是当年我在一个神秘人的相助之下于在极南之地取得的，在我将其炼为法宝之时，竟需万人血祭才可成形，此等异宝，只怕不是凡间之物。	5	1	-1
		1564					你手中这个玉佩，是我当年送给金铃的。小友，答应老夫一个请求，将这玉佩送归合欢，以慰金铃，可以么？	5	1	-1
330	隐藏-旧人欢喜	-1	12	101.2	118.17	2	欢喜婆婆，你说的可是这个玉佩？	5	1	-1
		263					是。。。这是夫人当年最珍惜的事物，自那黑心老鬼送与她之后，便从不离身。	5	1	-1
		263					（欢喜婆婆陷入了回忆，和你讲述起了当年金铃夫人与黑心老人相识、相知，而后结为伴侣的故事）	5	1	-1
		263					诶，这老天爷，偏要用种种原因让相爱的两个人不能一起，真是造化弄人。	5	1	-1
		263					当年夫人誓守空桑，我想伴随夫人左右，她却念及于我，不许我侍奉。而后我回到了合欢，便没了夫人消息。你既寻得她的玉佩，可有她的消息？	5	1	-1
		-1					我只发现了她留下的几封书信，未见其人。	5	1	-1
		263					诶，也不知夫人现在身在何处？	5	1	-1
331	隐藏-伏龙鼎-狐岐之乱	-1	-1	-1	-1	2	“吾兄亲启，弟顿首”这鬼王宗的人写信还文绉绉的	5	1	-1
		-1					“最近狐岐山出现了许多怪事，坚硬的山岩上出现了如刀砍斧凿一般的裂痕，还有许多门内师兄弟突然发狂，六亲不认。”	5	1	-1
		-1					“跟我关系最好的老李，昨天也发狂了，突然拔刀砍人，最后被众人乱箭杀死。现在人心惶惶，我也不知道下一个发狂的人，是不是我。”	5	1	-1
332	隐藏-伏龙鼎-不似人间	-1	11	18.86	58.09	2	我在蛮荒的圣殿附近得到了一封信，上面写着狐岐山出现了一些怪事，我放心不下，便来看看。	5	1	-1
		1513					这里...确实有些诡异，你看着山岩上的裂痕，要知道狐岐山的山岩极其坚固，想在上面劈开一个小裂口都要费很大力气。	5	1	-1
		-1					信里还提到有人发狂，这…	5	1	-1
		1513					嗯，我能从这山岩的裂口中，感觉到一股诡异的气息，似乎不似这人世间之物...	5	1	-1
		-1					这...狐岐山到底发生了什么？	5	1	-1
333	隐藏-伏龙鼎-古鼎异变	-1	11	55.72	119.99	2	闹鬼？狐岐山里怎么会闹鬼？	5	1	-1
		1514					我跟你说，有一天我在山门里乱走，突然有个师兄发狂了，拔刀就要砍我，吓的我夺路而逃，跑着跑着就到了一个奇怪的地方。	5	1	-1
		1514					那里四下都是血一样的，可吓人了，中间有一个大鼎，上面还冒着血光，还有哀嚎声！	5	1	-1
		-1					“鼎？难道是伏龙鼎？”那鼎在哪里？	5	1	-1
		1514					就在山里，你可别去，我跟你说那地方邪门儿的很！	5	1	-1
334	隐藏-伏龙鼎-拼凑信息	239	11	75.72	6.78	2	我之前去天音寺，向普德大师借了一件法宝，想尝试唤醒碧瑶，却没发现，距离狐岐山越近，那法宝就会频繁的产生反应。	5	1	-1
		239					法宝上的玉石轨迹越来越诡异，似乎一直在指向另一个世界一般。看来，也许和伏龙鼎的异变有关，鬼王和鬼先生，到底有什么阴谋？	5	1	-1
		239					之前一段时间鬼王宗到底发生了什么？！			
		-1					我还看到伏龙鼎上出现了一个鬼脸，却被天上劈下的一道白光压制了。	5	1	-1
		239					鬼脸？这…你去下天音寺吧，拜访下普德大师，也许他能告诉你更多的信息。	5	1	-1
335	隐藏-伏龙鼎-法宝来历	229	10	117.78	99.45	2	鬼厉施主叫你来，所为何事？	5	1	-1
		-1					大师，最近狐岐山发生了一些诡异的事情。	5	1	-1
		-1					伏龙鼎产生了一些异变，人靠近之后脑海中会有哀嚎声，在鼎身还复现出了一个狰狞的人脸，似乎是要挣脱什么束缚一样，却被从天而降的一道白光镇压。	5	1	-1
		-1					而鬼厉说，他从贵寺借的法宝乾坤轮回盘，也在靠近狐岐山后发生了一些变化，不知以这一切…？	5	1	-1
		229					“挥了挥手打断了你的话”这些事…容我想想。	5	1	-1
336	隐藏-伏龙鼎-上古妖邪	239	11	75.72	6.78	2	这伏龙鼎里封印的是上古的妖邪，修罗！	5	1	-1
		239					这是一种因杀戮而生的妖邪，根本不会受到控制，只会杀光所能见到的一切生灵。	5	1	-1
		239					鬼王似乎是被鬼先生利用了，鬼先生为什么会这么仇视人间呢。	5	1	-1
		-1					不过既然伏龙鼎目前还被封印着，鬼先生就没什么办法吧。	5	1	-1
		239					对，只要我还掌握着乾坤轮回盘，就不会让鬼先生的阴谋得逞！我还等着碧瑶再次醒来呢！	5	1	-1
337	隐藏任务-壁咚-巧笑倩兮（2）	218	5	56.43	63.5	2	年轻人呐，刚刚的事情，我可是看到了哟！	5	1	-1
		-1					（脸红…）老人家…	5	1	-1
		218					哈哈哈，看你脸红的，壁咚的时候，要微微低头慢慢贴近对方，成功率会高不少哟！	5	1	-1
		-1					（吓我一跳）哈哈…哈哈…第一次做这种事，我还是没有经验呐！	5	1	-1
		218					当年老夫我用一把小鱼干就把阿香妞…现在要叫阿香婆了，撩的脸红娇羞不已，你们这些后辈可是差得远咯！	5	1	-1
338	隐藏任务-壁咚-巧笑倩兮（4）	-1	5	61.54	75.38	2	老奶奶，这份寐鱼是刚刚的老渔翁托我给您带来的！	5	1	-1
		214					这么多年过去了，他还是这么执着！	5	1	-1
		214					我还真的是很喜欢老渔头呢！要不是我吃鱼过敏，就连每次见到鱼，脸都要红半天，我年轻的时候就答应他的追求啦！ 	5	1	-1
		-1					（额…原来每次都“脸红”的真相是见到鱼就过敏…）	5	1	-1
		214					都一把年纪了，还隔三差五就送来礼物，也不怕街坊们看笑话！	5	1	-1
339	活动任务-开学师门送信-青云-第一天-与师共谈	-1	6	99.5	63.5	2	多谢掌门关爱，弟子时刻不忘努力修行，定要光耀门楣！	5	1	-1
		-1					听闻掌门最近因为弟子的事情很是忧心。弟子为您分忧，已处理得当！	5	1	-1
		71					你还是和刚入门的时候一样善解人意，我很欣慰！	5	1	-1
		-1					掌门多日操劳，还是要多注意休息才是！	5	1	-1
340	活动任务-开学师门送信-青云-第二天-与师共谈	-1	6	99.5	63.5	2	明日的谢师大会重要无比，弟子刚刚亲自去了鬼王宗探查。	5	1	-1
		-1					请掌门放心，弟子一定会力保明日一切顺利。	5	1	-1
		71					你是我最得意的亲传弟子之一，你办事我放心！	5	1	-1
341	活动任务-开学师门送信-青云-第三天-谢师之日	-1	6	36.96	63.83	2	师兄说的是， 我这一身本领都是掌门亲授。如今修为小成，自然不敢忘记掌门的恩情！	5	1	-1
		70					不错，咱们能有如今的发展，与掌门的悉心教导是分不开的。	5	1	-1
342	活动任务-开学师门送信-青云-第三天-师恩如山	-1	6	99.5	63.5	2	师父在上，请受徒儿一拜！	5	1	-1
		-1					自我入门以来，师父待我视如己出。感谢师父的悉心教导！	5	1	-1
		-1					弟子深知师父平日的辛苦，特寻来一些赤铜，愿为您炼化法宝贡献绵薄之力！	5	1	-1
		71					（和蔼的笑笑）好好好，$N长大了，不是刚入门时的稚嫩孩子了！	5	1	-1
343	活动任务-开学师门送信-天音-第一天-与师共谈	-1	10	58.35	123.23	2	多谢住持关爱，弟子时刻不忘努力修行，定要光耀门楣！	5	1	-1
		-1					听闻住持最近因为弟子的事情很是忧心。弟子为您分忧，已处理得当！	5	1	-1
		227					你还是和刚入门的时候一样善解人意，我很欣慰！	5	1	-1
		-1					掌门多日操劳，还是要多注意休息才是！	5	1	-1
344	活动任务-开学师门送信-天音-第二天-与师共谈	-1	10	58.35	123.23	2	明日的谢师大会重要无比，弟子刚刚亲自去了合欢宗探查。	5	1	-1
		-1					请住持放心，弟子一定会力保明日一切顺利。	5	1	-1
		227					你是我最得意的亲传弟子之一，你办事我放心！	5	1	-1
345	活动任务-开学师门送信-天音-第三天-谢师之日	-1	10	56.97	24.56	2	师兄说的是， 我这一身本领都是住持亲授。如今修为小成，自然不敢忘记住持的恩情！	5	1	-1
		224					不错，咱们能有如今的发展，与住持的悉心教导是分不开的。	5	1	-1
346	活动任务-开学师门送信-天音-第三天-师恩如山	-1	10	58.35	123.23	2	师父在上，请受徒儿一拜！	5	1	-1
		-1					自我入门以来，师父待我视如己出。感谢师父的悉心教导！	5	1	-1
		-1					弟子深知师父平日的辛苦，特寻来一些赤铜，愿为您炼化法宝贡献绵薄之力！	5	1	-1
		227					（和蔼的笑笑）好好好，$N长大了，不是刚入门时的稚嫩孩子了！	5	1	-1
347	活动任务-开学师门送信-鬼王-第一天-与师共谈	-1	11	81.8	67.4	2	多谢宗主关爱，弟子时刻不忘努力修行，定要光耀门楣！	5	1	-1
		-1					听闻宗主最近因为弟子的事情很是忧心。弟子为您分忧，已处理得当！	5	1	-1
		238					你还是和刚入门的时候一样善解人意，我很欣慰！	5	1	-1
		-1					宗主多日操劳，还是要多注意休息才是！	5	1	-1
348	活动任务-开学师门送信-鬼王-第二天-与师共谈	-1	11	81.8	67.4	2	明日的谢师大会重要无比，弟子刚刚亲自去了青云门探查。	5	1	-1
		-1					请宗主放心，弟子一定会力保明日一切顺利。	5	1	-1
		238					你是我最得意的亲传弟子之一，你办事我放心！	5	1	-1
349	活动任务-开学师门送信-鬼王-第三天-谢师之日	-1	11	53.63	55.46	2	幽姨说的是， 我这一身本领都是宗主亲授。如今修为小成，自然不敢忘记宗主的恩情！	5	1	-1
		243					不错，咱们能有如今的发展，与宗主的悉心教导是分不开的。	5	1	-1
350	活动任务-开学师门送信-鬼王-第三天-师恩如山	-1	11	81.8	67.4	2	师父在上，请受徒儿一拜！	5	1	-1
		-1					自我入门以来，师父待我视如己出。感谢师父的悉心教导！	5	1	-1
		-1					弟子深知师父平日的辛苦，特寻来一些赤铜，愿为您炼化法宝贡献绵薄之力！	5	1	-1
		238					（和蔼的笑笑）好好好，$N长大了，不是刚入门时的稚嫩孩子了！	5	1	-1
351	活动任务-开学师门送信-合欢-第一天-与师共谈	-1	12	107.96	65.63	2	多谢掌门关爱，弟子时刻不忘努力修行，定要光耀门楣！	5	1	-1
		-1					听闻掌门最近因为弟子的事情很是忧心。弟子为您分忧，已处理得当！	5	1	-1
		254					你还是和刚入门的时候一样善解人意，我很欣慰！	5	1	-1
		-1					掌门多日操劳，还是要多注意休息才是！	5	1	-1
352	活动任务-开学师门送信-合欢-第二天-与师共谈	-1	12	107.96	65.63	2	明日的谢师大会重要无比，弟子刚刚亲自去了天音寺探查。	5	1	-1
		-1					请掌门放心，弟子一定会力保明日一切顺利。	5	1	-1
		254					你是我最得意的亲传弟子之一，你办事我放心！	5	1	-1
353	活动任务-开学师门送信-合欢-第三天-谢师之日	-1	12	84.75	65.46	2	师兄说的是， 我这一身本领都是掌门亲授。如今修为小成，自然不敢忘记掌门的恩情！	5	1	-1
		256					不错，咱们能有如今的发展，与掌门的悉心教导是分不开的。	5	1	-1
354	活动任务-开学师门送信-合欢-第三天-师恩如山	-1	12	107.96	65.63	2	师父在上，请受徒儿一拜！	5	1	-1
		-1					自我入门以来，师父待我视如己出。感谢师父的悉心教导！	5	1	-1
		-1					弟子深知师父平日的辛苦，特寻来一些赤铜，愿为您炼化法宝贡献绵薄之力！	5	1	-1
		254					（和蔼的笑笑）好好好，$N长大了，不是刚入门时的稚嫩孩子了！	5	1	-1
355	隐藏任务_抽嘴巴_涣尔冰开（2）	219	5	80.15	110.76	2	你这人真是无理，怎么可以乱打人？出门在外你师父都不教给你不能随便欺负人么？	5	1	-1
		-1					这位姑娘，你一定是误会了，在下并非野蛮无理，那几位是在下的朋友，我们在一起玩玩罢了！	5	1	-1
		219					胡说，我明明看到你打了他们！	5	1	-1
		-1					那姑娘…你是不是还看到我“壁咚”了他们呢？	5	1	-1
		219					0 0~	5	1	-1
		-1					我虽然偶尔贪玩，与朋友之间玩起来也没轻没重，但却从来不打女人。这点道理，在下还是懂的！	5	1	-1
		219					好吧，是我误会你了！没想到你还是很有原则的！	5	1	-1
356	60级饰品强化引导	52	5	82.46	94.26	2	$S你来啦，要来看看我新发现么？	5	1	-1
		-1					哦，你发现什么了？	5	1	-1
		52					$S你看，在这饰品之中有一种奇特的灵性，若是将其引导出来，便可以对饰品进行炼器和灌注。	5	1	-1
357	隐藏任务-青衫少女·贰	241	103	-1	-1	-1	狐岐山地宫乃是我宗禁地，你如今擅闯，可是不想活了？	5	1	-1
		-1					青龙使者恕罪，小生只是想救治碧瑶小姐，并非有意冒犯！	5	1	-1
		241					罢了，最好如你所说，没有其他企图！	5	1	-1
358	隐藏任务-修罗之羽·贰	1504	5	40.49	55.74	2	$S，这是修罗之羽，长于修罗鸟翼三尺之上，唯有将其彻底击倒才能取到。	5	1	-1
		1504					这修罗鸟来自黄泉冥灵之地，凶戾无比，传闻遇到它的队伍无一不全军覆没，没想到这畜生今天栽在$S你的手上。	5	1	-1
		-1					为了对付它可是费了我不少功夫啊。	5	1	-1
		1504					$S有所不知，这修罗鸟有两招，一招能对全场造成范围伤害并昏迷，另一招可以指定一个玩家，在特效结束后对该玩家范围的所有玩家造成大量伤害。	5	1	-1
		1504					好好应对这修罗鸟的招数，让队友们散开围攻，能够让你轻松不少。	5	1	-1
		-1					多谢先生指教！	5	1	-1
359	隐藏任务-封豨之牙·贰	1504	5	40.49	55.74	2	$S，这是封豨之牙。封豨生长于水泽，生性贪婪，属太阴之物，身负刺皮，可不好对付呀。	5	1	-1
		-1					是啊，为了对付它可是费了我不少功夫。	5	1	-1
		1504					$S想必是被它的刺皮给反伤到了吧？这封豨有一招特技，可以使全身布满荆棘，反伤到攻击他的对手，对方的攻击越高，自身受到的伤害越高。	5	1	-1
		1504					多多注意他脚下的荆棘，适当收手，即可轻松战胜它。	5	1	-1
		-1					多谢先生指教！	5	1	-1
360	隐藏任务-刍吾之尾·贰	1504	5	40.49	55.74	2	$S，此乃刍吾之尾，刍吾生于南疆，状似虎，皮毛五采而长尾，为百兽之王。	5	1	-1
		-1					百兽之王呀？没感觉它有多厉害呀？	5	1	-1
		1504					哈哈，那是$S实力太强，远超这只妖兽。其实这只妖兽最厉害的地方还是在于让被它攻击到的人流血不止，持续受到伤害。	5	1	-1
		1504					在这个时候考验的就你的回复能力了。	5	1	-1
		-1					多谢先生指教！	5	1	-1
361	隐藏任务-玄冥灵丹	-1	90	69.947	27.216	2	你说的是这个匣子么？它有什么特别之处？	5	1	-1
		1683					这个是夜游匣，夜游神习惯把身上最宝贝的放在里面。如果我没猜错的话，匣子里面的估计就是装着玄冥果了。	5	1	-1
		-1					玄冥果？	5	1	-1
		1683					$S不知道这个不要紧，你只需要知道它可以炼制玄冥丹。吃下了这个玄冥丹呐，嘿，那可就天下无敌啦。	5	1	-1
		-1					哦？那这个玄冥丹要怎么炼？	5	1	-1
		1683					这你可就找对人了。这个呀，只有我知道！	5	1	-1
362	隐藏任务-浪迹天涯·贰	1065	5	109	122	2	哈哈，我看到你飞了这么久，法宝灵力都没了，所以想给你一个这个——寒月之辉。	5	1	-1
		-1					寒月之辉？这个有什么用？	5	1	-1
		1065					你这个就有所不知了，这东西在我们那儿可是人手好几瓶的。它可以补充法宝灵力，还能够提神醒脑，强身健体，补虚壮…啊~~~嚏~~~	5	1	-1
363	修罗-主线-长生残卷	-1	5	21.24	66.45	2	周大仙人真是客气了，今日旧人照面，也是晚辈应该孝敬的。	8	1	-1
		15					瞧瞧你，越说老夫越不好意思了…这样吧。	8	1	-1
		15					你看这长生残卷，其中一块碎片本也是你的东西，我留着无用，你拿去研究吧~	8	1	-1
		-1					…（噗，难道我留着有用么！）	8	1	-1
364	修罗-主线-不情之请	-1	5	21.26	67.75	2	小环姑娘不必太过顾虑，话便是。	8	1	-1
		16					其实是关于你手中这份残卷…前阵子，我闲来无事，倒也仔细看过一番。	8	1	-1
		16					意外发现，那些文字符号中居然夹杂了些鬼道的文字。虽然并不能完全读懂，但似乎是和起死回生之事有关。	8	1	-1
		16					…我本想着有机会，将此物拿给鬼厉看看，或许对他有所帮助。只是，没想到爷爷今天把它送给了你。	8	1	-1
		-1					小环姑娘放心，若是姑娘有此打算，我将它赠予鬼厉便是。	8	1	-1
365	修罗-主线-轮回异界	239	11	26.93	120.52	2	那敢问显示，文中可有提到该如何使用此法么。	8	1	-1
		274					倒也未明说，只是提到万物生长均是上古神族造物所为，生死轮回本就有着模糊不清的界限。	8	1	-1
		274					若是有办法接近这个界限边缘，就能进入到一个能够打破生死限制的异界。而这起死回生之法，就藏在这异界之中。	8	1	-1
		239					…最接近生死界限边缘的地方	8	1	-1
		274					我倒是真知道这么一个地方。	8	1	-1
366	修罗-主线-突生变故	-1	90	68.97	92.2	2	的确。我和鬼厉是为起死回生之法而来的，不知你是为何来到此地。	8	1	-1
		1687					怎么？你们也是为起死回生之法？	8	1	-1
		-1					“也”？难道…	8	1	-1
		-1					（修罗之眼处突然爆出一团华光，伴随着震耳巨响）不好！	8	1	-1
367	修罗-主线-被人利用	1687	90	68.97	92.2	2	我来此地，本是受旧友所托，说是找到了一个能够复活那人的法子。	8	1	-1
		1687					我便是按照他的吩咐，在这里布下法阵。并不知道这里是鬼厉的阵眼命门…	8	1	-1
		1687					…难道真的有异界？	8	1	-1
		-1					修罗之眼处，与异界的传送门已经打开。而鬼厉被法阵反噬受了重伤，而奸人，已经进入了异界之中了…	8	1	-1
368	修罗-主线-另有他法	-1	90	112.34	79.36	2	你别着急，待我想想，可还有别的法子。	8	1	-1
		-1					我记得…当初和周老先生说起这残卷时，老先生似乎说过：“集齐天书之力”方能开启探知长生之法的大门。	8	1	-1
		1686					…天书…周老先生当真这么说的？	8	1	-1
		-1					眼下，也不知道还有谁修齐了这天书…即使有，也不一定会帮我们。	8	1	-1
		1686					…据我所知，青云门太极玄清真诀、天音寺大梵般若心经、鬼王宗玄冥聚气之道、合欢派江南红尘秘术、焚香谷九阳玄火之力，都是衍生于天书…是不是…	8	1	-1
369	修罗-主线-心口不一	-1	90	39.72	43.89	2	伤势暂时已经稳定下来，没有什么大碍。	8	1	-1
		1689					小施主…这生死改命，传闻异界，当真有这东西么。	8	1	-1
		-1					…鬼厉他的确是打开了那扇门，至于那头的状况，我们也是不知。只是你们知道的，哪怕是一丝希望…	8	1	-1
		1688					…虽然我们答应助他，只是届时若是真开了这法阵，他要拦我，怕是由不得他了。	8	1	-1
370	飞升-主线-飞升之始 	1714	62	96.04	94.99	2	道友，老夫已在此恭候多时了。	5	1	-1
		1714					我观道友年纪轻轻修为便已臻大乘，真是天纵奇才！	5	1	-1
		1714					然而最近道友周天封闭，顺而不畅，遇到了修炼壁障，我可说对否？	5	1	-1
		-1					我现在的修为的确是没办法继续长进了，仙长可有解决之道？	5	1	-1
		1714					哈哈，我乃东极妙严宫太乙星君，此番下界正是为了助有缘人破除业障，得道飞升而来。	5	1	-1
		-1					还请仙长指点迷津！	5	1	-1
		1714					道友的壁障乃是受凡尘所限，元神不纯所致，须固本培元，重铸元神，渡过雷劫，才可得道飞升。	8	1	-1
371	飞升-主线-阴阳之力 	1714	62	96.04	94.99	2	请道友听好了，我将告诉你如何寻觅三大奇物，来制作阴阳元神法阵。	8	1	-1
		1714					论这世间至阴之力莫过于修罗，修罗中的生灵莫不是穷凶极恶，手弑万千生灵之辈，身上的阴气更是浓郁至极，道友可前往收集此阴气，凝聚为纯阴元灵。	8	1	-1
		1714					而这世间的至阳之力，莫过于八凶玄火法阵之力，此法阵目前尚存一处，道友可前往法阵处引动法阵，收集玄火残焰，老夫可以为小友炼制纯阳圣火。	8	1	-1
		-1					哦？这法阵所在地可是镇魔古洞？	8	1	-1
		1714					正是！	5	1	-1
		1714					在收集了纯阴元灵和纯阳圣火之后，还有一物。在鸿蒙古地有那天地初开时的一抹鸿蒙紫气，道友需寻得此物，用以调和阴阳之力。	8	1	-1
		1714					集齐纯阴元灵、纯阳圣火、鸿蒙紫气这三物后，可在八卦炉中炼制阴阳元神法阵，届时可寻一天地灵气充沛之处，布下法阵，即可完成元神重铸。	8	1	-1
372	飞升-支线-旧梦	1715	89	112	43	2	我...不记得我的真实名字。	5	1	-1
		1715					我的脑海中，只记得那个难忘的画面。	5	1	-1
		1715					一个爱我的人，抱着我穿过河阳城的大街。	5	1	-1
		1715					一群陪伴我的人，跟随着我们，静默的站在我们身边。	5	1	-1
		1715					还有那些追随而来的人，从河阳城的月老前，排起了长队，一直排到了青云山前。	5	1	-1
		1715					还有，那个让我心疼的人，望着一个支离玻碎的手机，泣不成声的画面。	5	1	-1
		1715					这些画面好像是一场梦，却又那么真实，让我相信它是真实存在的。所以我一直在四处游历，试着去寻回那些我想珍存的画面。	8	1	-1
373	飞升-主线-得道飞升	1714	62	96.04	94.99	2	你我有缘，我在此助你渡劫亦为天命所定，不必多礼。	8	1	-1
		1714					小友初次飞升，实力虽有长进，然而根基还未稳固，还需多多历练。	8	1	-1
		1714					我这有涅槃金印一枚，送与小友。请待根基稳固后使用，即可完成飞升。	8	1	-1
374	支线-引导-星魂养成2	1069	5	68	98	2	早些年在下游历四方，曾与佛家一高僧同宿乡野，有过一面之缘。	8	1	-1
		1069					那时我夜观天象，心有所惑不解。得大师从中指点，更得以见识到星盘神器，印象颇深。	8	1	-1
		1069					后又有幸结识鬼才之士，姓曹，名鹿然。我与他辩斗玄学之术，相见恨晚。	8	1	-1
		1069					谈至九天星辰，周而复始，生生不息，想起大师星盘之说，顿有所悟。终悟得此修真玄术。	8	1	-1
375	隐藏-收集指定类型宠物2	-1	5	26.77	72.04	2	叶兰姐姐，好久不见！	5	1	-1
		204					哼~好久不见，我看你个小没良心的，是视而不见吧！	5	1	-1
		-1					哪有哪有~（不好意思的挠挠头，你这里又没有奇遇任务，我当然选择性无视了…）	5	1	-1
		204					哟哟哟，别以为我不知道你在想什么，不就是奇遇任务么，姐姐这里也有呀！	5	1	-1
		-1					（两眼放光）\(≧▽≦)/~	5	1	-1
		204					听闻十万大山那里有一种神奇的植物，吃了之后可以美容养颜，可怜我一个弱女子，只身在外危险重重，恐怕是没机会吃到喽……	5	1	-1
		-1					……明白了！	5	1	-1
376	隐藏-炼器连续失败2	-1	5	82.46	94.26	2	（咬牙切齿）毕老先生，您找我有何贵干呢！	5	1	-1
		52					年轻人火气不要这么大！	5	1	-1
		52					呐，做人呢，最重要的就是开心~我下面给你吃呐！	5	1	-1
		-1					吃吃吃！我这一肚子火气，吃什么才解气！	5	1	-1
		52					这炼器，心境最重要，切不可急躁！很容易适得其反的！	5	1	-1
377	隐藏-炼器连续失败4	-1	5	82.46	94.26	2	毕老先生，刚刚晚生确是冲动了，在这给您赔礼道歉了！	5	1	-1
		52					不碍事不碍事…哎哟哟，我这老腰啊！ 	5	1	-1
		52					小娃娃，你还年轻，江湖还远。这炼器和做人一样，不要那么冲动！	5	1	-1
		52					炼器有风险，心平气和最重要！毕竟，这不是你修仙生涯的全部！	5	1	-1
378	隐藏-蟠龙峰翻跟头2	-1	91	78	71	2	灵儿姑娘，你这又是偷跑出来的吧？	5	1	-1
		2309					哎呀，这都被你猜到了！	5	1	-1
		-1					这里比较危险，还是回去吧！不然齐昊师兄会担心的，小凡也会担心的！	5	1	-1
		2309					师弟他……最近可好？	5	1	-1
		-1					在狐岐山一切安好，只是碍于身份有别，他没有办法回去大竹峰看望你们！	5	1	-1
		2309					我懂……没关系的，其实爹和娘也很惦记他，虽然爹嘴上不说，但是我知道，他希望老七回来。	5	1	-1
379	隐藏-蟠龙峰翻跟头4	-1	90	20.8	97.3	2	没有没有，是路边捡的…（心虚中）	5	1	-1
		1685					这针脚是师娘的手艺，里面的药草是大竹峰后山的才有的甘松和冰片。	5	1	-1
		1685					路边捡的？好呀，你告诉我哪里捡的，我也去捡几个回来！	5	1	-1
		-1					好吧……不瞒你了，我出外游历，遇到了灵儿姑娘，是她托我给你带来的！	5	1	-1
		1685					师姐她还是一如既往的对我这么好……	5	1	-1
		-1					灵儿姑娘担心你还记恨他们，不肯收下，所以才要我隐瞒的。	5	1	-1
		1685					（苦涩一笑）记恨？那是养我十几年的地方，怎么可能会记恨？	5	1	-1
		1685					（一边说，一边把香囊贴身放好）师娘每到新年时候都会给师兄弟们做一只香囊，好怀念！	5	1	-1
		-1					鬼厉你……就真的没想过回去看看？	5	1	-1
		1685					（恢复眼中的阴郁）不说这个了，最近伏龙鼎的异动越来越明显了，切不可掉以轻心！	5	1	-1
380	隐藏-指定武器杀指定怪2	491	5	86.75	70.41	2	这封信竟然是土匪头子勾结流波山海盗的来往信件！	5	1	-1
		-1					勾结海盗？难道是……	5	1	-1
		491					没错！他们要趁乱洗劫河阳城！多亏了你！让我们提前知道了这件事，也好有所防范！	5	1	-1
		491					（话锋一转）哎？你也有这么一把小木剑？	5	1	-1
		-1					路边货郎那里，随手买的……	5	1	-1
		491					小时候我家里穷，我求了我娘好久才答应给我买这么一把玩具，我就拿着它假装可以御剑飞行做大英雄！	5	1	-1
		491					长大了才发现做英雄太遥远了，我们这种老百姓只能梦里想想罢了！	5	1	-1
		-1					那些神仙啊英雄啊，仗剑江湖载酒行，神龙见首不见尾，都是说书的段子。	5	1	-1
		-1					但是队长，你现在每天站在城门口保卫河阳城，你才是河阳城百姓的真英雄！	5	1	-1
		491					谢谢你！那些英雄梦远远不如我的父母妻儿幸福重要，我会好好坚守的！	5	1	-1
381	隐藏-帮派发红包2	-1	5	40.49	55.74	2	师爷，这份修葺书是？	5	1	-1
		1504					你在帮派也很多时日了，这兴衰荣辱的，相信你也都经历了！	5	1	-1
		1504					这修葺书确是老夫所筹划，那兵器堂年久失修，老夫本想着为帮里做做贡献，却……哎！	5	1	-1
		-1					师爷若有难处不妨明说，如果是钱的问题……	5	1	-1
		1504					（眼前一亮）咳咳，钱的问题是不是也可以明说？	5	1	-1
		-1					我就知道 ！(╯‵□′)╯︵┻━┻	5	1	-1
382	隐藏-帮派发红包4	-1	5	19.5	119.59	2	老板，您这山海苑富丽堂皇，富贵逼人！晚生这里有一青花瓷古董，若是可以放在您的店里，定是蓬荜生辉呀！	5	1	-1
		203					拿来给我看看！	5	1	-1
		203					（端详了一会）小朋友啊，你这古董在河阳城东边的畔嘉源市集，只要20金就可以买到，你跟我开价一万金是不是有点？	5	1	-1
		-1					（尴尬）哈哈…哈哈...老板不好意思，我还有点事，先走了 ……	5	1	-1
383	情人节-隐藏-缘分到了	2322	5	19.63	79.95	2	鸳鸯已成对，这两份帖子我便收回了。茫茫人海，缘分使然，对的时间，可有遇到对的人？用心试试便知。	5	1	-1
384	长生界-主线-只言片语	-1	95	168.2	289.7	2	是不是在做梦…赶紧给自己一耳光。	8	1	-1
		-1					嘶…还真疼！不是做梦啊！	8	1	-1
		2323					救..救我..水..	8	1	-1
		-1					水？这附近也没水啊…这该如何是好…	8	1	-1
385	长生界-主线-大恩大德	2324	95	113.1	146.9	2	啊啊啊，忘了自我介绍了，我叫小魔古。	8	1	-1
		-1					我现在也还没有搞清楚状态呢…	8	1	-1
		2324					魔古魔古，你救了小魔古，小魔古要款待你！	8	1	-1
		-1					（…精力一下就这么旺盛了么）	8	1	-1
386	长生界-主线-消失的王	-1	95	115.1	52.2	2	额，该怎么跟你描述呢…我是从，另一个…世界来的。	8	1	-1
		-1					听说，你们这里有神奇的法术，所以想要讨教一下…	8	1	-1
		2325					神奇的法术？！王，我们的王就会神奇的法术！	8	1	-1
		-1					…太好了！那能拜托你带我去见见他吗。	8	1	-1
		2325					不行不行！王，不见啦！嘤嘤嘤，对，王不见啦。	8	1	-1
387	长生界-主线-族中变故	2326	95	97.3	47.5	2	小魔古说的没错，神奇的法术，整个魔古族也就王才会。	8	1	-1
		2326					若是王还在，它一定不会吝啬帮助你的，只是…	8	1	-1
		-1					我也听小魔古说了，对此我很抱歉。	8	1	-1
		2326					…正如你所见，我们魔古族本是这里最善良敦厚的一族。	8	1	-1
		2326					因为“王”的失踪，族中有些同伴似乎受了什么怪力驱使，性情大变不受控制。	8	1	-1
388	长生界-主线-事情经过	-1	95	97.3	47.5	2	既然我也是需要向王求教些事情，不如我也帮你们一起寻找吧。	8	1	-1
		2326					真的么！那就太好了，太好了！	8	1	-1
		-1					恩，所以长老若是知晓什么线索，都跟我说上一说吧。	8	1	-1
		2326					我记得，族里最后一次见到王，是几周前的事了。王说，自己受高山那边的瞿如族所邀，前去解决一些事情…	8	1	-1
		2326					也就是这么一走，就没了消息了。最近瞿如族和蛮族的争斗越演越烈，我想，其中应该是有干系的。	8	1	-1
389	长生界-主线-如是解释	-1	95	57.5	470.7	2	看来似乎是误会，不过的确是我惊动了您的部下在先。对此我深表歉意。	8	1	-1
		-1					其实我是受魔古族之托，前来询问他们的王的下落。他们的王失踪前，听说是来了贵地。	8	1	-1
		2328					王，不见？…啾啾，他来这里，是我的请求。几天前，走了，不在这里，啾。	8	1	-1
		2328					这块大陆，所有氏族，不打仗。这蛮族，啾！可恶，该死，破坏规则。	8	1	-1
		2328					我们这里，矿产多！蛮族，想要这些，制造武器，变强，啾！统治我们，呸！	8	1	-1
390	长生界-主线-原来如此	-1	95	200.6	9.3	2	其实，这件事也是跟你有关。我们过来，是为了寻找一种…能够起死回生的秘法。	8	1	-1
		2331					…起死回生？魔古，好像确有耳闻，不过已经是很久远的古老秘法了。	8	1	-1
		2331					不过刚才那个外族，迷惑蛮王的心智，让整个蛮族其为自己所用。我一身法术，也是被他吸了去。似乎别有所图的样子…	8	1	-1
		2331					不过...说是外族人，却似乎又和这个世界有所关联。不然他也不应当会有那种古老的力量。	8	1	-1
		2331					如今，即便我有心帮你，怕是也力不从心了。除非…	8	1	-1
		-1					除非？这么说，前辈看来还是有法子的，要我做什么，尽管吩咐就是。	8	1	-1
391	长生界-主线-上古氏族	2332	95	9	89.1	2	所谓简单，即是哪怕泉水被抽干，只要泉眼还在，那就还有再次充盈的时候。	8	1	-1
		2332					…这难就难在，虽然泉眼还在，却被碎石堵住。而我恰巧没有挪走这些碎石的法子。	8	1	-1
		2332					不过这原力始于上古力量，而那些上古氏族，正是这种力量的拥有者。	8	1	-1
		2332					天瀑水泽一带的天禄族，丛林中的娲皇族，均是上古氏族后裔。这些古老的氏族里，当有人会驱使这种力量。	8	1	-1
392	长生界-主线-入乡随俗	-1	95	300	506	2	您慧眼如炬，我的确是来自于…恩…另一个世界。	8	1	-1
		2333					果然，昔日先祖造物，想来不止创造了这片土地。在遥远的地方，应当还是有别的生灵存在的。	8	1	-1
		2333					不过我族也有自己的条律，凡外族，必有其提出请求的资格。	8	1	-1
		-1					在下明白。入乡随俗，当以贵族惯例为先。	8	1	-1
393	长生界-主线-事情真相	2334	95	285.7	453.9	2	虽然如您所见，我们天禄一族好客热情，其实…	8	1	-1
		2334					我们的首领变了…变得已经对自己所掌控的创物之力不再满足，希望得到更大更强的力量。	8	1	-1
		2334					为此…不惜靠梦魔摄杀生灵，令其魂魄力量为自己所有。	8	1	-1
		2334					其实也并不是要帮助你，只是觊觎你身上的异术力量，这才用了缓兵之计留你。	8	1	-1
		-1					你为何要出手救我…就不怕首领责罚你么。	8	1	-1
		2334					我从来都尊敬旗鼓相当的对手。之前与你交手，败下阵来，我便视你为敬佩之人了。	8	1	-1
394	长生界-主线-深入交谈	-1	95	392	152	2	事情是这般样子的…（将所求之事原委，都告诉了面前这位）	8	1	-1
		2335					恐怕要让你失望了，我们一族，其实并没有你说的那种力量。	8	1	-1
		2335					我族乃这里刚被创造出来之时，一并被创造出来的生命，并接受了守卫这片大地秩序的使命。	8	1	-1
		2335					但是创世之祖并未传予我族你所拥有的那种神奇法力，我们一族也是靠着原始的力量一直执行这个使命到现在。	8	1	-1
		2335					我小时候曾偷跑出丛林见过外面的样子，也希望能够带领族人走出这块土地，去开拓眼界，只是被父皇和一众守旧顽固思想的同族反对。	8	1	-1
395	隐藏-大世界宝箱2	2355	95	119.58	58.72	2	谢谢你救了我的朋友！	8	1	-1
		-1					不用客气，举手之劳O(∩_∩)O~	8	1	-1
		2355					你身上的武器好起来好威风，不知道能不能帮我一个忙…	8	1	-1
		-1					嗯？	8	1	-1
		2355					我们这里有一个传统，成亲之前，必须要打造一件名贵的饰品送给妻子，但饰品的材料散布在世界各处，十分不好寻得。	8	1	-1
		2355					我…我喜欢隔壁家的香香古，但我胆子小，根本不敢走出村子……	8	1	-1
396	隐藏-大世界宝箱5	2356	95	99.3	55.59	2	这位朋友，谢谢你送来的礼物。但是，我不能答应猴头魔的求婚！	8	1	-1
		-1					哎？这不是你心心念念的首饰么？	8	1	-1
		2356					是，但这不是猴头魔自己寻来的！	8	1	-1
		-1					这……（尴尬）	8	1	-1
		2356					我要的男魔古，要勤劳勇敢，善良聪慧，最重要的是要诚信有担当。我真正要的并不是首饰，而是他为了我日益变好的决心和行动！	8	1	-1
		2356					对不起，猴头魔只有达到了我心中的标准，我才有可能和他在一起！	8	1	-1
		-1					虽然不是一个种族，但是我真的很欣赏你的态度！	8	1	-1
		-1					放心吧，我会把你的话转述给猴头魔的！	8	1	-1
397	全身装备打宝石-引导1	531	4	56.26	48.98	2	小友，你可是许久不回小池镇了呢！	8	1	-1
		-1					老人家您可安好？晚辈最近修行忙碌，确是很久没有回来过了，也是很想念大家呢！	8	1	-1
		531					自从上次闹了狐妖之后呀，镇子里就人心惶惶的，一位好心的李姓仙人路过此处，教给了我们强化武器的新办法！	8	1	-1
		531					还别说，自从尝试了他说的办法，大家保卫村子的能力都提高不少呢！	8	1	-1
398	法宝精进-引导2	-1	5	21.26	67.75	2	小环姑娘，好久不见，你愈发漂亮了！	8	1	-1
		-1					（忽然发现小环手里有一些亮晶晶的小物件）你们这些小丫头就喜欢这些亮闪闪的玩意！	8	1	-1
		16					才不是什么亮晶晶的玩意呢，爷爷可宝贝这个东西了！说是可以让法宝“精进”，变得更加厉害！	8	1	-1
		16					嘻嘻，你总给小环买糖葫芦，小环还没有回礼呢，这份礼物就送给你吧！	8	1	-1
399	节日环-了解春节节日1	-1	5	43.09	126.36	2	请为我讲解一下春节的历史吧！	8	1	-1
		53					中国人过春节已有4000多年的历史。	8	1	-1
		53					在先秦时叫“改岁”、“献岁”；两汉时期，又被叫为“三朝”；唐宋元明，则称为“元 ”、“岁日”；而清代，一直叫“元日”。	8	1	-1
		-1					节日名称的演变，也是挺有意思的呢！	8	1	-1
400	节日环-了解春节节日2	-1	5	43.09	126.36	2	请为我讲解一下春节的民俗吧！	8	1	-1
		53					春节是合家团圆、敦亲祀祖的日子。	8	1	-1
		53					除夕，全家欢聚一堂，吃罢“团年饭”，长辈给孩子们分发“压岁钱”，一家人团坐“守岁”。	8	1	-1
		-1					嗯，是个温馨团聚的节日呢！	8	1	-1
401	节日环-了解春节节日3	-1	5	43.09	126.36	2	请为我讲解一下春节的节令食品吧！	8	1	-1
		53					北方年夜饭素来有吃饺子的传统。饺子就意味着更岁交子，过春节吃饺子被认为是大吉大利！	8	1	-1
		53					此外，饺子因为形似元宝，过年时吃饺子，也带有“招财进宝”的吉祥含义！	8	1	-1
		-1					说得我都有点饿了！	8	1	-1
