Id	Desc	Name	ScriptId	IsSkillUse	SkillId	ConsumeFlag	CoolDownId	CoolDownNoticeLeftTime	CanUseInBW	UseParamA	UseParamB	UseParamC	UseParamD
INT	STRING	STRING	INT	INT	INT	INT	INT	INT	INT	INT	INT	INT	INT
#MAX_ID=99999;MAX_RECORD=10240;TableType=Hash;													
#ID	程序不读	物品名称	脚本ID	是否读条	读条技能	0：使用不销毁 1：使用后销毁2：使用后调用脚本的消耗函数	冷却Id(CoolDownTime.txt)	冷却中提示是否显示剩余时间（精确到秒）（1显示 0不显示）	是否可以在大世界使用，涉及到全局掉落的福袋是不可以在大世界使用的	附加参数1	附加参数2	附加参数3	附加参数4
36	测试用-宠物蛋	测试宠物蛋	208	0	-1	1	-1	0	1	39	-1	-1	-1
44	30级体验宝箱	掌柜体验箱[30级]	216	0	-1	1	-1	0	1	5	0	0	0
45	30级青云体验宝箱	青云体验箱[30级]	216	0	-1	1	-1	0	1	6	0	0	0
46	30级天音体验宝箱	天音体验箱[30级]	216	0	-1	1	-1	0	1	7	0	0	0
47	30级鬼王体验宝箱	鬼王体验箱[30级]	216	0	-1	1	-1	0	1	8	0	0	0
48	30级合欢体验宝箱	合欢体验箱[30级]	216	0	-1	1	-1	0	1	9	0	0	0
49	法宝集合箱	法宝集合箱	216	0	-1	1	-1	0	1	100	0	0	0
50	初级法宝箱	初级法宝箱	216	0	-1	1	-1	0	1	101	0	0	0
51	中级法宝箱	中级法宝箱	216	0	-1	1	-1	0	1	102	0	0	0
52	高级法宝箱	高级法宝箱	216	0	-1	1	-1	0	1	103	0	0	0
53	高级特殊法宝箱	高级特殊法宝箱	216	0	-1	1	-1	0	1	104	0	0	0
54	时装集合箱		216	0	-1	1	-1	0	1	129	0	0	0
55	新手时装7天箱		216	0	-1	1	-1	0	1	130	0	0	0
56	新手时装30天箱		216	0	-1	1	-1	0	1	131	0	0	0
57	新手时装永久箱		216	0	-1	1	-1	0	1	132	0	0	0
58	新手武器7天箱		216	0	-1	1	-1	0	1	133	0	0	0
59	新手武器30天箱		216	0	-1	1	-1	0	1	134	0	0	0
60	新手武器永久箱		216	0	-1	1	-1	0	1	135	0	0	0
61	额外时装1号箱		216	0	-1	1	-1	0	1	136	0	0	0
62	额外时装2号箱		216	0	-1	1	-1	0	1	137	0	0	0
63	额外时装3号箱		216	0	-1	1	-1	0	1	138	0	0	0
64	额外时装4号箱		216	0	-1	1	-1	0	1	139	0	0	0
65	额外时装5号箱		216	0	-1	1	-1	0	1	140	0	0	0
66	新主角时装箱	新主角时装箱	216	0	-1	1	-1	0	1	146	0	0	0
67	首次随机测试箱	首次随机测试箱	216	0	-1	1	-1	0	1	286	0	0	0
68	5次随机测试箱	3次随机测试箱	216	0	-1	1	-1	0	1	286	0	0	0
69	5次珍贵测试箱	3次珍贵测试箱	216	0	-1	1	-1	0	1	286	0	0	0
70	星魂测试包	星魂测试包	216	0	-1	1	-1	0	1	302	0	0	0
100	动态经验丹	经验丹	230	0	-1	1	-1	0	1	0	0	0	0
101	1w经验丹，用于客服补偿，请勿放出	经验补偿丹	245	0	-1	1	-1	0	1	10000	0	0	0
102	2w经验丹，用于客服补偿，请勿放出	经验补偿丹	245	0	-1	1	-1	0	1	20000	0	0	0
103	5w经验丹，用于客服补偿，请勿放出	经验补偿丹	245	0	-1	1	-1	0	1	50000	0	0	0
104	10w经验丹，用于客服补偿，请勿放出	经验补偿丹	245	0	-1	1	-1	0	1	100000	0	0	0
105	50w经验丹，用于客服补偿，请勿放出	经验补偿丹	245	0	-1	1	-1	0	1	500000	0	0	0
106	100w经验丹，用于资料片2前满级补偿	100万经验	245	0	-1	1	-1	0	1	1000000	0	0	0
501	50000银币	50000银币	233	0	-1	1	-1	0	1	0	50000	0	0
502	60000银币	60000银币	233	0	-1	1	-1	0	1	0	60000	0	0
503	70000银币	70000银币	233	0	-1	1	-1	0	1	0	70000	0	0
504	80000银币	80000银币	233	0	-1	1	-1	0	1	0	80000	0	0
505	90000银币	90000银币	233	0	-1	1	-1	0	1	0	90000	0	0
506	100000银币	100000银币	233	0	-1	1	-1	0	1	0	100000	0	0
507	110000银币	110000银币	233	0	-1	1	-1	0	1	0	110000	0	0
508	120000银币	120000银币	233	0	-1	1	-1	0	1	0	120000	0	0
509	130000银币	130000银币	233	0	-1	1	-1	0	1	0	130000	0	0
510	20000银币	20000银币	233	0	-1	1	-1	0	1	0	20000	0	0
511	文曲-进士-1000金币	1000金币	233	0	-1	1	-1	0	1	1	1000	0	0
512	98绑定元宝	98绑定元宝	233	0	-1	1	-1	0	1	3	98	0	0
513	298绑定元宝	298绑定元宝	233	0	-1	1	-1	0	1	3	298	0	0
514	10绑定元宝	10绑定元宝	233	0	-1	1	-1	0	1	3	10	0	0
515	10000银币	10000银币	233	0	-1	1	-1	0	1	0	10000	0	0
516	30000银币	30000银币	233	0	-1	1	-1	0	1	0	30000	0	0
517	文曲-状元-5000金币	5000金币	233	0	-1	1	-1	0	1	1	5000	0	0
518	文曲-榜眼-4000金币	4000金币	233	0	-1	1	-1	0	1	1	4000	0	0
519	文曲-探花-3000金币	3000金币	233	0	-1	1	-1	0	1	1	3000	0	0
520	妖兽突袭-50金币	50金币	233	0	-1	1	-1	0	1	1	50	0	0
521	妖兽突袭-100金币	100金币	233	0	-1	1	-1	0	1	1	100	0	0
522	妖兽突袭-150金币	150金币	233	0	-1	1	-1	0	1	1	150	0	0
523	妖兽突袭-200金币	200金币	233	0	-1	1	-1	0	1	1	200	0	0
524	妖兽突袭-250金币	250金币	233	0	-1	1	-1	0	1	1	250	0	0
525	妖兽突袭-500金币	500金币	233	0	-1	1	-1	0	1	1	500	0	0
526	10000金币	10000金币[勿复制此物品]	233	0	-1	1	-1	0	1	1	10000	0	0
527	500000金币	500000金币	233	0	-1	1	-1	0	1	1	500000	0	0
528	2000000金币	2000000金币	233	0	-1	1	-1	0	1	1	2000000	0	0
529	1000000银币	1000000银币	233	0	-1	1	-1	0	1	0	1000000	0	0
530	50绑定元宝	50绑定元宝	233	0	-1	1	-1	0	1	3	50	0	0
531	100绑定元宝	100绑定元宝	233	0	-1	1	-1	0	1	3	100	0	0
532	150绑定元宝	150绑定元宝	233	0	-1	1	-1	0	1	3	150	0	0
533	200绑定元宝	200绑定元宝	233	0	-1	1	-1	0	1	3	200	0	0
534	250绑定元宝	250绑定元宝	233	0	-1	1	-1	0	1	3	250	0	0
535	300绑定元宝	300绑定元宝	233	0	-1	1	-1	0	1	3	300	0	0
536	350绑定元宝	350绑定元宝	233	0	-1	1	-1	0	1	3	350	0	0
537	400绑定元宝	400绑定元宝	233	0	-1	1	-1	0	1	3	400	0	0
538	450绑定元宝	450绑定元宝	233	0	-1	1	-1	0	1	3	450	0	0
539	500绑定元宝	500绑定元宝	233	0	-1	1	-1	0	1	3	500	0	0
540	188绑定元宝	188绑定元宝	233	0	-1	1	-1	0	1	3	188	0	0
541	388绑定元宝	388绑定元宝	233	0	-1	1	-1	0	1	3	388	0	0
601	10荣誉-青铜组奖励	10荣誉	234	0	-1	1	-1	0	1	10	0	0	0
602	20荣誉-白银组奖励	20荣誉	234	0	-1	1	-1	0	1	20	0	0	0
603	40荣誉-黄金组奖励	40荣誉	234	0	-1	1	-1	0	1	40	0	0	0
604	60荣誉-白金组奖励	60荣誉	234	0	-1	1	-1	0	1	60	0	0	0
605	80荣誉-钻石组奖励	80荣誉	234	0	-1	1	-1	0	1	80	0	0	0
606	100荣誉-王者组奖励	100荣誉	234	0	-1	1	-1	0	1	100	0	0	0
607	10荣誉-青铜组3名	10荣誉	234	0	-1	1	-1	0	1	10	0	0	0
608	20荣誉-青铜组2名	20荣誉	234	0	-1	1	-1	0	1	15	0	0	0
609	30荣誉-青铜组1名	30荣誉	234	0	-1	1	-1	0	1	25	0	0	0
610	10荣誉-白银组3名	10荣誉	234	0	-1	1	-1	0	1	25	0	0	0
611	20荣誉-白银组2名	20荣誉	234	0	-1	1	-1	0	1	30	0	0	0
612	30荣誉-白银组1名	30荣誉	234	0	-1	1	-1	0	1	40	0	0	0
613	15荣誉-黄金组3名	15荣誉	234	0	-1	1	-1	0	1	40	0	0	0
614	30荣誉-黄金组2名	30荣誉	234	0	-1	1	-1	0	1	45	0	0	0
615	45荣誉-黄金组1名	45荣誉	234	0	-1	1	-1	0	1	55	0	0	0
616	20荣誉-白金组3名	20荣誉	234	0	-1	1	-1	0	1	55	0	0	0
617	40荣誉-白金组2名	40荣誉	234	0	-1	1	-1	0	1	60	0	0	0
618	60荣誉-白金组1名	60荣誉	234	0	-1	1	-1	0	1	70	0	0	0
619	25荣誉-钻石组3名	25荣誉	234	0	-1	1	-1	0	1	70	0	0	0
620	50荣誉-钻石组2名	50荣誉	234	0	-1	1	-1	0	1	75	0	0	0
621	75荣誉-钻石组1名	75荣誉	234	0	-1	1	-1	0	1	85	0	0	0
622	30荣誉-王者组3名	30荣誉	234	0	-1	1	-1	0	1	85	0	0	0
623	60荣誉-王者组2名	60荣誉	234	0	-1	1	-1	0	1	90	0	0	0
624	90荣誉-王者组1名	90荣誉	234	0	-1	1	-1	0	1	100	0	0	0
630	15荣誉-赛季青铜组3名	15荣誉	234	0	-1	1	-1	0	1	15	0	0	0
631	20荣誉-赛季青铜组2名	20荣誉	234	0	-1	1	-1	0	1	20	0	0	0
632	35荣誉-赛季青铜组1名	35荣誉	234	0	-1	1	-1	0	1	35	0	0	0
633	35荣誉-赛季白银组3名	35荣誉	234	0	-1	1	-1	0	1	35	0	0	0
634	45荣誉-赛季白银组2名	45荣誉	234	0	-1	1	-1	0	1	45	0	0	0
635	60荣誉-赛季白银组1名	60荣誉	234	0	-1	1	-1	0	1	60	0	0	0
636	60荣誉-赛季黄金组3名	60荣誉	234	0	-1	1	-1	0	1	60	0	0	0
637	65荣誉-赛季黄金组2名	65荣誉	234	0	-1	1	-1	0	1	65	0	0	0
638	80荣誉-赛季黄金组1名	80荣誉	234	0	-1	1	-1	0	1	80	0	0	0
639	80荣誉-赛季白金组3名	80荣誉	234	0	-1	1	-1	0	1	80	0	0	0
640	90荣誉-赛季白金组2名	90荣誉	234	0	-1	1	-1	0	1	90	0	0	0
641	105荣誉-赛季白金组1名	105荣誉	234	0	-1	1	-1	0	1	105	0	0	0
642	105荣誉-赛季钻石组3名	105荣誉	234	0	-1	1	-1	0	1	105	0	0	0
643	110荣誉-赛季钻石组2名	110荣誉	234	0	-1	1	-1	0	1	110	0	0	0
644	125荣誉-赛季钻石组1名	125荣誉	234	0	-1	1	-1	0	1	125	0	0	0
645	125荣誉-王赛季者组3名	125荣誉	234	0	-1	1	-1	0	1	125	0	0	0
646	135荣誉-赛季王者组2名	135荣誉	234	0	-1	1	-1	0	1	135	0	0	0
647	150荣誉-赛季王者组1名	150荣誉	234	0	-1	1	-1	0	1	150	0	0	0
648	王者争霸冠军-200荣誉	200荣誉	234	0	-1	1	-1	0	1	200	0	0	0
649	王者争霸亚军-160荣誉	160荣誉	234	0	-1	1	-1	0	1	160	0	0	0
650	王者争霸季军-120荣誉	120荣誉	234	0	-1	1	-1	0	1	120	0	0	0
651	王者争霸殿军-100荣誉	100荣誉	234	0	-1	1	-1	0	1	100	0	0	0
652	王者争霸8强-80荣誉	80荣誉	234	0	-1	1	-1	0	1	80	0	0	0
653	王者争霸16强-60荣誉	60荣誉	234	0	-1	1	-1	0	1	60	0	0	0
654	王者争霸32强-50荣誉	50荣誉	234	0	-1	1	-1	0	1	50	0	0	0
655	王者争霸64强-30荣誉	30荣誉	234	0	-1	1	-1	0	1	30	0	0	0
656	10荣誉-王者争霸青铜组奖励	10荣誉	234	0	-1	1	-1	0	1	10	0	0	0
657	20荣誉-王者争霸白银组奖励	20荣誉	234	0	-1	1	-1	0	1	20	0	0	0
658	40荣誉-王者争霸黄金组奖励	40荣誉	234	0	-1	1	-1	0	1	40	0	0	0
659	60荣誉-王者争霸白金组奖励	60荣誉	234	0	-1	1	-1	0	1	60	0	0	0
660	80荣誉-王者争霸钻石组奖励	80荣誉	234	0	-1	1	-1	0	1	80	0	0	0
661	100荣誉-王者争霸王者组奖励	100荣誉	234	0	-1	1	-1	0	1	100	0	0	0
700	帮贡丹	帮贡	232	0	-1	1	-1	0	1	1	0	0	0
701	帮战胜者帮贡丹	25点帮贡	232	0	-1	1	-1	0	1	25	0	0	0
702	帮战败者帮贡丹	20点帮贡	232	0	-1	1	-1	0	1	20	0	0	0
703	帮战平局帮贡丹	23点帮贡	232	0	-1	1	-1	0	1	23	0	0	0
704	28绑定元宝	28绑定元宝	233	0	-1	1	-1	0	1	3	28	0	0
705	68绑定元宝	68绑定元宝	233	0	-1	1	-1	0	1	3	68	0	0
706	88绑定元宝	88绑定元宝	233	0	-1	1	-1	0	1	3	88	0	0
707	个人帮贡	个人帮贡	232	0	-1	1	-1	0	1	1	1	0	0
708	100绑定元宝 - 师徒问卷	100绑定元宝	233	0	-1	1	-1	0	1	3	100	0	0
709	250侠义值 - 师徒问卷	师徒·250侠义值	242	0	-1	1	-1	0	1	250	0	0	0
2000	河阳任务-符咒	符咒	203	1	100014	2	-1	0	1	0	0	0	0
2001	河阳城-血戾之物	血戾之物	205	1	100014	1	-1	0	1	0	0	0	0
2003	河阳城-纸条	纸条	206	1	100014	1	-1	0	1	0	0	0	0
2004	河阳城-火把	火把	204	1	100014	2	-1	0	1	0	0	0	0
2007	青云山-常箭书信	常箭书信	205	1	100014	1	-1	0	1	0	0	0	0
2008	青云山-香火	香火	205	1	100014	1	-1	0	1	0	0	0	0
2009	青云山-大棒骨	大棒骨	205	1	100014	1	-1	0	1	0	0	0	0
2010	青云山-玉女心经	玉女心经	207	1	100014	1	-1	0	1	0	0	0	0
2011	逍遥涧-青春 永驻	驻颜花粉	209	1	100014	1	-1	0	1	0	0	0	0
2017	天音寺-加一把火	柴火	205	1	100014	1	-1	0	1	0	0	0	0
2018	天音寺-贿赂口风	驻颜花粉	205	1	100014	1	-1	0	1	0	0	0	0
2019	天音寺-混入合欢	合欢装束	213	1	100014	2	-1	0	1	0	0	0	0
2023	狐岐山-利刃	歃血利刃	205	1	100014	1	-1	0	1	0	0	0	0
2024	鬼王宗-变身混入	青云装束	213	1	100014	2	-1	0	1	0	0	0	0
2025	逍遥涧-祭祀祖师	香火	205	1	100014	1	-1	0	1	0	0	0	0
2026	逍遥涧-鬼王衣服	鬼王衣服	213	1	100014	2	-1	0	1	0	0	0	0
2028	空桑山-信件	信件	-1	1	100014	1	-1	0	1	0	0	0	0
2029	空桑山-炼血旗	炼血旗	205	1	100014	1	-1	0	1	0	0	0	0
2030	青云-铸剑炼金	铸剑原料	205	1	100014	1	-1	0	1	0	0	0	0
2031	空桑山-石斧	石斧	205	1	100014	1	-1	0	1	0	0	0	0
2032	天音寺-孔明之愿	孔明灯	205	1	100014	1	-1	0	1	0	0	0	0
2033	天音寺-无惧劳苦	沙袋	-1	1	100014	1	-1	0	1	0	0	0	0
2038	支线-合欢-品茗	香茗	205	1	100014	1	-1	0	1	0	0	0	0
2039	小池镇-符箓	符箓	205	1	100014	1	-1	0	1	0	0	0	0
2040	小池镇-香烛	香烛	205	1	100014	1	-1	0	1	0	0	0	0
2041	焚香谷-审问孙图	鞭子	205	1	100014	1	-1	0	1	0	0	-1	0
2042	焚香谷-顶级厨艺	兔肉	205	1	100014	1	-1	0	1	0	0	-1	0
2043	焚香谷-易容鱼人	易容丹	213	1	100014	1	-1	0	1	0	0	-1	0
2044	焚香谷-挑拨离间	鱼人首级	205	1	100014	1	-1	0	1	0	0	-1	0
2045	焚香谷-破解阵法	极阴玄水	205	1	100014	1	-1	0	1	0	0	-1	0
2046	焚香谷-破解阵法	匕首	205	1	100014	1	-1	0	1	0	0	-1	0
2047	焚香谷-破解阵法	玄火鉴	205	1	100014	1	-1	0	1	0	0	-1	0
2050	大王村-银针试毒	银针	217	1	100014	2	-1	0	1	0	0	0	0
2051	大王村-凶残黑蟾	驿站水样	205	1	100014	1	-1	0	1	0	0	0	0
2052	大王村-幸存弟子	牢笼钥匙	218	1	100014	2	-1	0	1	0	0	0	0
2053	大王村-捣毁毒罐	大石	219	1	100014	2	-1	0	1	0	0	0	0
2054	大王村-解毒之药	解药	205	1	100014	1	-1	0	1	0	0	0	0
2055	大王村-青云-伴手礼物	伴手礼物	205	1	100014	1	-1	0	1	0	0	0	0
2056	大王村-天音-伴手礼物	伴手礼物	205	1	100014	1	-1	0	1	0	0	0	0
2057	大王村-鬼王-伴手礼物	伴手礼物	205	1	100014	1	-1	0	1	0	0	0	0
2058	大王村-合欢-伴手礼物	伴手礼物	205	1	100014	1	-1	0	1	0	0	0	0
2059	大王村-本门来报	鸡毛信	205	1	100014	1	-1	0	1	0	0	0	0
2060	大王村-青云-飞鸽传书	飞鸽传书	205	1	100014	1	-1	0	1	0	0	0	0
2061	大王村-天音-飞鸽传书	飞鸽传书	205	1	100014	1	-1	0	1	0	0	0	0
2062	大王村-鬼王-飞鸽传书	飞鸽传书	205	1	100014	1	-1	0	1	0	0	0	0
2063	大王村-合欢-飞鸽传书	飞鸽传书	205	1	100014	1	-1	0	1	0	0	0	0
2064	死泽-警告讯息	朱砂	205	1	100014	1	-1	0	1	0	0	0	0
2065	死泽-驱虫药水	驱虫金水	205	1	100014	1	-1	0	1	0	0	0	0
2066	死泽-撑起纸伞	纸伞	205	1	100014	1	-1	0	1	0	0	0	0
2067	死泽-神魔志异	神魔志异	205	1	100014	1	-1	0	1	0	0	0	0
2068	死泽-软磨硬泡	金瓶梅	205	1	100014	1	-1	0	1	0	0	0	0
2069	死泽-遁地符咒	遁地符咒	205	1	100014	1	-1	0	1	0	0	0	0
2072	主线-调虎离山	火把	205	1	100014	1	-1	0	1	0	0	0	0
2073	主线-网罗黄雀	网兜	219	1	100014	2	-1	0	1	0	0	0	0
2074	主线-油炸果实	黑心果	205	1	100014	1	-1	0	1	0	0	0	0
2075	主线-烤制熊尾	熊尾	205	1	100014	1	-1	0	1	0	0	0	0
2076	主线-山野清泉	水袋	205	1	100014	1	-1	0	1	0	0	0	0
2077	主线-无酒不欢	酒壶	205	1	100014	1	-1	0	1	0	0	0	0
2099	青云-隐藏1-贪吃猴子	宋大仁的包裹	205	1	100014	1	-1	0	1	0	0	0	0
2100	青云-隐藏1触发道具	神秘的包裹	226	-1	-1	1	-1	0	1	1213	0	0	0
2101	青云-隐藏2触发道具	阳澄湖大闸蟹	226	-1	-1	1	-1	0	1	1219	0	0	0
2107	隐藏任务-河阳志	河阳志	226	-1	-1	1	-1	0	1	1238	0	0	0
2111	流波山-主线-信件	信件	205	1	100014	1	-1	0	1	0	0	0	0
2112	流波山-主线-镇海印	镇海印	205	1	100014	1	-1	0	1	0	0	0	0
2113	十万大山-主线-香烛	香烛	205	1	100014	1	-1	0	1	0	0	0	0
2114	十万大山-主线-火把	火把	205	1	100014	1	-1	0	1	0	0	0	0
2115	十万大山-主线-戒指	乾坤青光戒	205	1	100014	1	-1	0	1	0	0	0	0
2116	生活技能-隐藏-神秘藏宝图（1）	神鬼苍生图	226	-1	-1	1	-1	0	1	1281	0	0	0
2117	生活技能-隐藏-神秘藏宝图（6）	神鬼苍生图	205	1	100014	1	-1	0	1	1284	0	0	0
2121	隐藏任务-自留宝箱-钥匙	钥匙	227	-1	-1	1	-1	0	1	0	10	2120	1
2128	隐藏任务-女儿红	女儿红	222	-1	-1	1	-1	0	1	84	0	0	0
2129	杀怪-隐藏-往事随风（1）	怨灵之怒	226	-1	-1	1	-1	0	1	1606	0	0	0
2130	隐藏任务-黑节竹之怒	黑节竹之怒	226	-1	-1	1	-1	0	1	1608	0	0	0
2131	隐藏任务-偷懒弟子之怒	偷懒弟子之怒	226	-1	-1	1	-1	0	1	1610	0	0	0
2132	隐藏任务-魅宗弟子之怒	魅宗弟子之怒	226	-1	-1	1	-1	0	1	1612	0	0	0
2133	隐藏任务-白狐之怒	白狐之怒	226	-1	-1	1	-1	0	1	1614	0	0	0
2134	隐藏任务-河阳志（追踪专用）	完整的河阳志	219	1	100014	2	-1	0	1	1242	0	0	0
2136	支线-回家的路	烟花	205	1	100014	1	-1	0	1	0	0	0	0
2147	帮派环-摘星壶	摘星壶	219	1	100014	0	-1	0	1	0	0	0	0
2148	帮派环-天将令	天将令	236	1	100014	1	-1	0	1	0	0	0	0
2149	帮派环-摘星壶-天音		219	1	100014	0	-1	0	1	0	0	0	0
2150	帮派环-摘星壶-鬼王		219	1	100014	0	-1	0	1	0	0	0	0
2151	帮派环-摘星壶-合欢		219	1	100014	0	-1	0	1	0	0	0	0
2168	隐藏任务-吮指鸡	吮指鸡	226	-1	-1	1	-1	0	1	2283	0	0	0
2169	周一仙隐藏-古旧残片	古旧残片	226	-1	-1	1	-1	0	1	2296	0	0	0
2171	周一仙隐藏-有求于人	残破画卷	205	1	100014	1	-1	0	1	0	0	0	0
2172	隐藏任务-鬼先生系列	神秘药方残片	226	-1	-1	1	-1	0	1	2314	0	0	0
2173	隐藏任务-伏龙鼎-书信	鬼王宗的来信	226	-1	-1	1	-1	0	1	2393	0	0	0
2174	隐藏任务-神秘玉佩	灵狐玉佩	226	-1	-1	1	-1	0	1	2337	0	0	0
2175	隐藏任务-乔装潜入	焚香装束	213	1	100014	2	-1	0	1	0	0	0	0
2176	（废弃）隐藏任务-万毒门系列	刺鼻的密信	226	-1	-1	1	-1	0	1	2359	0	0	0
2177	炼血堂隐藏-炼血秘辛	炼血堂的秘卷	226	-1	-1	1	-1	0	1	2376	0	0	0
2179	炼血堂隐藏-黑心旧事	黑心老人的手札	226	-1	-1	1	-1	0	1	2384	0	0	0
2180	炼血堂隐藏-金铃旧事	金铃夫人的信	226	-1	-1	1	-1	0	1	2385	0	0	0
2181	炼血堂隐藏-诡异宝袋	诡异宝袋	205	1	100014	1	-1	0	1	0	0	0	0
2182	隐藏任务-壁咚	神秘信笺	226	-1	-1	1	-1	0	1	2435	0	0	0
2183	活动任务-开学师门送信-触发	青云门信件 壹	226	-1	-1	1	-1	0	1	2442	0	0	0
2184	活动任务-开学师门送信-触发	青云门信件 贰	226	-1	-1	1	-1	0	1	2445	0	0	0
2185	活动任务-开学师门送信-触发	青云门信件 叁	226	-1	-1	1	-1	0	1	2448	0	0	0
2186	活动任务-开学师门送信-触发	青云门信件 肆	226	-1	-1	1	-1	0	1	2452	0	0	0
2187	活动任务-开学师门送信-触发	天音寺信件 壹	226	-1	-1	1	-1	0	1	2455	0	0	0
2188	活动任务-开学师门送信-触发	天音寺信件 贰	226	-1	-1	1	-1	0	1	2458	0	0	0
2189	活动任务-开学师门送信-触发	天音寺信件 叁	226	-1	-1	1	-1	0	1	2461	0	0	0
2190	活动任务-开学师门送信-触发	天音寺信件 肆	226	-1	-1	1	-1	0	1	2465	0	0	0
2191	活动任务-开学师门送信-触发	鬼王宗信件 壹	226	-1	-1	1	-1	0	1	2468	0	0	0
2192	活动任务-开学师门送信-触发	鬼王宗信件 贰	226	-1	-1	1	-1	0	1	2471	0	0	0
2193	活动任务-开学师门送信-触发	鬼王宗信件 叁	226	-1	-1	1	-1	0	1	2474	0	0	0
2194	活动任务-开学师门送信-触发	鬼王宗信件 肆	226	-1	-1	1	-1	0	1	2478	0	0	0
2195	活动任务-开学师门送信-触发	合欢宗信件 壹	226	-1	-1	1	-1	0	1	2481	0	0	0
2196	活动任务-开学师门送信-触发	合欢宗信件 贰	226	-1	-1	1	-1	0	1	2484	0	0	0
2197	活动任务-开学师门送信-触发	合欢宗信件 叁	226	-1	-1	1	-1	0	1	2487	0	0	0
2198	活动任务-开学师门送信-触发	合欢宗信件 肆	226	-1	-1	1	-1	0	1	2491	0	0	0
2200	活动任务-开学师门送信-奖励	师父的关怀	216	-1	-1	1	-1	0	1	173	0	0	0
2201	隐藏任务-妙手回春	常百草的信	226	-1	-1	1	-1	0	1	2530	0	0	0
2202	隐藏任务-金丹妙药	妙骨金丹	205	1	100014	1	-1	0	1	0	0	0	0
2203	隐藏任务-修罗之羽	修罗之羽	226	-1	-1	1	-1	0	1	2537	0	0	0
2204	隐藏任务-封豨之牙	封豨之牙	226	-1	-1	1	-1	0	1	2539	0	0	0
2205	隐藏任务-刍吾之尾	刍吾之尾	226	-1	-1	1	-1	0	1	2541	0	0	0
2206	隐藏任务-子夜游神	夜神匣	226	-1	-1	1	-1	0	1	2543	0	0	0
2208	修罗-主线-长生之法	长生残卷	205	1	100014	1	-1	0	1	0	0	0	0
2209	修罗-主线-锦囊之计	鬼先生的锦囊	205	1	100014	1	-1	0	1	0	0	0	0
2210	修罗-主线-乾位定穴	乾位符	205	1	100014	1	-1	0	1	0	0	0	0
2211	修罗-主线-巽位定穴	定风珠	205	1	100014	1	-1	0	1	0	0	0	0
2212	修罗-主线-走漏风声	鬼厉手书	205	1	100014	1	-1	0	1	0	0	0	0
2221	飞升-主线-圣火炼阵	纯阳圣火	205	-1	100014	1	-1	0	1	0	0	0	0
2223	隐藏任务-桃木剑	神秘信笺	226	-1	-1	1	-1	0	1	2626	0	0	0
2224	隐藏任务-兵器堂修葺计划	兵器堂修葺计划	226	-1	-1	1	-1	0	1	2628	0	0	0
2230	长生界-主线-水中玄机	受伤的蘑菇人	205	1	100014	1	-1	0	1	0	0	0	0
2231	长生界-主线-神奇药丸	神奇药丸	205	1	100014	1	-1	0	1	0	0	0	0
2232	长生界-主线-御寒美酒	御寒美酒	205	1	100014	1	-1	0	1	0	0	0	0
2235	情人节隐藏任务	鸳鸯笺	226	-1	-1	1	-1	0	1	2644	0	0	0
8000	红药-1级	小黄丹(1级)	202	0	-1	1	7	0	1	1	1700	-1	0
8001	红药-10级	大黄丹(10级)	202	0	-1	1	7	0	1	1	3100	-1	0
8002	红药-20级	金创药(20级)	202	0	-1	1	7	0	1	1	5600	-1	0
8003	红药-30级	玄玉散(30级)	202	0	-1	1	7	0	1	1	10100	-1	0
8004	红药-40级	雪琼浆(40级)	202	0	-1	1	7	0	1	1	18200	-1	0
8005	红药-50级	清血丸(50级)	202	0	-1	1	7	0	1	1	32700	-1	0
8006	红药-60级	天灵果(60级)	202	0	-1	1	7	0	1	1	49800	-1	0
8007	红药-70级	芝葵草(70级)	202	0	-1	1	7	0	1	1	74100	-1	0
8008	红药-80级	云霖花(80级)	202	0	-1	1	7	0	1	1	109900	-1	0
8009	红药-90级	聚魂散(90级)	202	0	-1	1	7	0	1	1	129200	-1	0
8010	红药-100级	星辰菇(100级)	202	0	-1	1	7	0	1	1	164000	-1	0
8011	红药-110级	幻仙露(110级)	202	0	-1	1	7	0	1	1	190000	-1	0
8012	红药-120级	紫枫丹(120级)	202	0	-1	1	7	0	1	1	211000	-1	0
8013	红药-130级	风怒香(130级)	202	0	-1	1	7	0	1	1	245000	-1	0
8014	红药-140级	惊寒散(140级)	202	0	-1	1	7	0	1	1	276000	-1	0
8015	红药-150级	清寂丸(150级)	202	0	-1	1	7	0	1	1	321000	-1	0
8016	红药-飞升70	月桂草(飞70)	202	0	-1	1	7	0	1	1	339000	-1	0
8017	红药-飞升80	赤血丹(飞80)	202	0	-1	1	7	0	1	1	357000	-1	0
8018	红药-飞升90	太虚露(飞90)	202	0	-1	1	7	0	1	1	375000	-1	0
8019	红药-飞升100	凝碧草(飞100)	202	0	-1	1	7	0	1	1	401000	-1	0
8020	红药-飞升110	冰心丸(飞110)	202	0	-1	1	7	0	1	1	423000	-1	0
8021	红药-飞升120	青霜菇(飞120)	202	0	-1	1	7	0	1	1	465000	-1	0
8022	红药-飞升130	乌藤木(飞130)	202	0	-1	1	7	0	1	1	496000	-1	0
8023	红药-飞升140	寒髓鳞(飞140)	202	0	-1	1	7	0	1	1	552000	-1	0
8024	红药-飞升150	蛛丝藤(飞150)	202	0	-1	1	7	0	1	1	610000	-1	0
8025	红药-飞升160	琉璃果(飞160)	202	0	-1	1	7	0	1	1	701000	-1	0
8027	蓝药-1级	肉包子（1级）	202	0	-1	1	8	0	1	2	360	-1	0
8028	蓝药-10级	益气丹(10级)	202	0	-1	1	8	0	1	2	430	-1	0
8029	蓝药-20级	还灵药(20级)	202	0	-1	1	8	0	1	2	550	-1	0
8030	蓝药-30级	归魂散(30级)	202	0	-1	1	8	0	1	2	700	-1	0
8031	蓝药-40级	蜂皇浆(40级)	202	0	-1	1	8	0	1	2	840	-1	0
8032	蓝药-50级	熊胆丸(50级)	202	0	-1	1	8	0	1	2	990	-1	0
8033	蓝药-60级	罗汉果(60级)	202	0	-1	1	8	0	1	2	1260	-1	0
8034	蓝药-70级	鹿衔草(70级)	202	0	-1	1	8	0	1	2	1480	-1	0
8035	蓝药-80级	赤炎花(80级)	202	0	-1	1	8	0	1	2	1760	-1	0
8036	蓝药-90级	无忧散(90级)	202	0	-1	1	8	0	1	2	2400	-1	0
8037	蓝药-100级	北冥菇(100级)	202	0	-1	1	8	0	1	2	3100	-1	0
8038	蓝药-110级	清凉露(110级)	202	0	-1	1	8	0	1	2	3700	-1	0
8039	蓝药-120级	聚元丹(120级)	202	0	-1	1	8	0	1	2	4100	-1	0
8040	蓝药-130级	七里香(130级)	202	0	-1	1	8	0	1	2	4500	-1	0
8041	蓝药-140级	百花散(140级)	202	0	-1	1	8	0	1	2	4900	-1	0
8042	蓝药-150级	活血丸(150级)	202	0	-1	1	8	0	1	2	5200	-1	0
8043	蓝药-飞升70	龙胆草(飞70)	202	0	-1	1	8	0	1	2	5400	-1	0
8044	蓝药-飞升80	贝母丹(飞80)	202	0	-1	1	8	0	1	2	5600	-1	0
8045	蓝药-飞升90	济生露(飞90)	202	0	-1	1	8	0	1	2	5800	-1	0
8046	蓝药-飞升100	凌霄草(飞100)	202	0	-1	1	8	0	1	2	6000	-1	0
8047	蓝药-飞升110	醍醐丸(飞110)	202	0	-1	1	8	0	1	2	6200	-1	0
8048	蓝药-飞升120	灵蛇菇(飞120)	202	0	-1	1	8	0	1	2	6400	-1	0
8049	蓝药-飞升130	阿桐木(飞130)	202	0	-1	1	8	0	1	2	6600	-1	0
8050	蓝药-飞升140	凤舞鳞(飞140)	202	0	-1	1	8	0	1	2	6800	-1	0
8051	蓝药-飞升150	凤凰藤(飞150)	202	0	-1	1	8	0	1	2	7000	-1	0
8052	蓝药-飞升160	玉贝果(飞160)	202	0	-1	1	8	0	1	2	7300	-1	0
8100	红缸	神农妙露	235	0	-1	1	-1	0	1	1	320000000	-1	0
8150	蓝缸	天香豆蔻	235	0	-1	1	-1	0	1	2	23000000	-1	0
12000	采集工具-采矿	水晶矿锄	210	0	-1	1	-1	0	1	980501	0	0	0
12001	采集工具-捕猎	水晶剥皮刀	210	0	-1	1	-1	0	1	980502	0	0	0
12002	采集工具-垂钓	水晶钓竿	210	0	-1	1	-1	0	1	980503	0	0	0
12050	采集代币-体力丹	体力丹	241	0	-1	1	-1	0	1	100	0	0	0
13000	灵尘	灵尘	224	-1	-1	1	-1	0	1	1	0	0	0
13001	鬼厉	鬼厉	223	-1	-1	1	-1	0	1	1	0	0	0
13002	道玄真人	道玄真人	223	-1	-1	1	-1	0	1	2	0	0	0
13003	鬼王	鬼王	223	-1	-1	1	-1	0	1	3	0	0	0
13004	毒神	毒神	223	-1	-1	1	-1	0	1	4	0	0	0
13005	张小凡	张小凡	223	-1	-1	1	-1	0	1	5	0	0	0
13006	林惊羽	林惊羽	223	-1	-1	1	-1	0	1	6	0	0	0
13007	陆雪琪	陆雪琪	223	-1	-1	1	-1	0	1	7	0	0	0
13008	碧瑶	碧瑶	223	-1	-1	1	-1	0	1	8	0	0	0
13009	周一仙	周一仙	223	-1	-1	1	-1	0	1	9	0	0	0
13010	田不易	田不易	223	-1	-1	1	-1	0	1	10	0	0	0
13011	普智	普智	223	-1	-1	1	-1	0	1	11	0	0	0
13012	小环	小环	223	-1	-1	1	-1	0	1	12	0	0	0
13013	金瓶儿	金瓶儿	223	-1	-1	1	-1	0	1	13	0	0	0
13014	齐昊	齐昊	223	-1	-1	1	-1	0	1	14	0	0	0
13015	曾书书	曾书书	223	-1	-1	1	-1	0	1	15	0	0	0
13016	苏茹	苏茹	223	-1	-1	1	-1	0	1	16	0	0	0
13017	法相	法相	223	-1	-1	1	-1	0	1	17	0	0	0
13018	秦无炎	秦无炎	223	-1	-1	1	-1	0	1	18	0	0	0
13019	六尾	六尾	223	-1	-1	1	-1	0	1	19	0	0	0
13020	三尾	三尾	223	-1	-1	1	-1	0	1	20	0	0	0
13021	宋大仁	宋大仁	223	-1	-1	1	-1	0	1	21	0	0	0
13022	田灵儿	田灵儿	223	-1	-1	1	-1	0	1	22	0	0	0
13023	文敏	文敏	223	-1	-1	1	-1	0	1	23	0	0	0
13024	野狗道人	野狗道人	223	-1	-1	1	-1	0	1	24	0	0	0
13025	小白	小白	223	-1	-1	1	-1	0	1	25	0	0	0
13026	三妙夫人	三妙夫人	223	-1	-1	1	-1	0	1	26	0	0	0
13027	玉阳子	玉阳子	223	-1	-1	1	-1	0	1	27	0	0	0
13028	普德	普德	223	-1	-1	1	-1	0	1	28	0	0	0
13029	金铃夫人	金铃夫人	223	-1	-1	1	-1	0	1	29	0	0	0
13030	黑心老人	黑心老人	223	-1	-1	1	-1	0	1	30	0	0	0
13031	万剑一	万剑一	223	-1	-1	1	-1	0	1	31	0	0	0
13032	普泓	普泓	223	-1	-1	1	-1	0	1	32	0	0	0
13033	青龙	青龙	223	-1	-1	1	-1	0	1	33	0	0	0
13034	幽姬	幽姬	223	-1	-1	1	-1	0	1	34	0	0	0
13035	白虎	白虎	223	-1	-1	1	-1	0	1	35	0	0	0
13036	玄武	玄武	223	-1	-1	1	-1	0	1	36	0	0	0
13037	普方	普方	223	-1	-1	1	-1	0	1	37	0	0	0
13038	兽神	兽神	223	-1	-1	1	-1	0	1	38	0	0	0
13039	玲珑	玲珑	223	-1	-1	1	-1	0	1	39	0	0	0
13040	黑虎	黑虎	223	-1	-1	1	-1	0	1	40	0	0	0
13041	巫妖	巫妖	223	-1	-1	1	-1	0	1	41	0	0	0
13042	水月大师	水月大师	223	-1	-1	1	-1	0	1	42	0	0	0
13043	萧逸才	萧逸才	223	-1	-1	1	-1	0	1	43	0	0	0
13044	年老大	年老大	223	-1	-1	1	-1	0	1	44	0	0	0
13045	姜老三	姜老三	223	-1	-1	1	-1	0	1	45	0	0	0
13046	苍松道人	苍松道人	223	-1	-1	1	-1	0	1	0	0	0	0
13201	鬼厉碎片	鬼厉碎片	225	-1	-1	1	-1	0	1	1	1	0	0
13202	道玄真人碎片	道玄真人碎片	225	-1	-1	1	-1	0	1	2	1	0	0
13203	鬼王碎片	鬼王碎片	225	-1	-1	1	-1	0	1	3	1	0	0
13204	毒神碎片	毒神碎片	225	-1	-1	1	-1	0	1	4	1	0	0
13205	张小凡碎片	张小凡碎片	225	-1	-1	1	-1	0	1	5	1	0	0
13206	林惊羽碎片	林惊羽碎片	225	-1	-1	1	-1	0	1	6	1	0	0
13207	陆雪琪碎片	陆雪琪碎片	225	-1	-1	1	-1	0	1	7	1	0	0
13208	碧瑶碎片	碧瑶碎片	225	-1	-1	1	-1	0	1	8	1	0	0
13209	周一仙碎片	周一仙碎片	225	-1	-1	1	-1	0	1	9	1	0	0
13210	田不易碎片	田不易碎片	225	-1	-1	1	-1	0	1	10	1	0	0
13211	普智碎片	普智碎片	225	-1	-1	1	-1	0	1	11	1	0	0
13212	小环碎片	小环碎片	225	-1	-1	1	-1	0	1	12	1	0	0
13213	金瓶儿碎片	金瓶儿碎片	225	-1	-1	1	-1	0	1	13	1	0	0
13214	齐昊碎片	齐昊碎片	225	-1	-1	1	-1	0	1	14	1	0	0
13215	曾书书碎片	曾书书碎片	225	-1	-1	1	-1	0	1	15	1	0	0
13216	苏茹碎片	苏茹碎片	225	-1	-1	1	-1	0	1	16	1	0	0
13217	法相碎片	法相碎片	225	-1	-1	1	-1	0	1	17	1	0	0
13218	秦无炎碎片	秦无炎碎片	225	-1	-1	1	-1	0	1	18	1	0	0
13219	六尾碎片	六尾碎片	225	-1	-1	1	-1	0	1	19	1	0	0
13220	三尾碎片	三尾碎片	225	-1	-1	1	-1	0	1	20	1	0	0
13221	宋大仁碎片	宋大仁碎片	225	-1	-1	1	-1	0	1	21	1	0	0
13222	田灵儿碎片	田灵儿碎片	225	-1	-1	1	-1	0	1	22	1	0	0
13223	文敏碎片	文敏碎片	225	-1	-1	1	-1	0	1	23	1	0	0
13224	野狗道人碎片	野狗道人碎片	225	-1	-1	1	-1	0	1	24	1	0	0
13225	小白碎片	小白碎片	225	-1	-1	1	-1	0	1	25	1	0	0
13226	三妙夫人碎片	三妙夫人碎片	225	-1	-1	1	-1	0	1	26	1	0	0
13227	玉阳子碎片	玉阳子碎片	225	-1	-1	1	-1	0	1	27	1	0	0
13228	普德碎片	普德碎片	225	-1	-1	1	-1	0	1	28	1	0	0
13229	金铃夫人碎片	金铃夫人碎片	225	-1	-1	1	-1	0	1	29	1	0	0
13230	黑心老人碎片	黑心老人碎片	225	-1	-1	1	-1	0	1	30	1	0	0
13231	万剑一碎片	万剑一碎片	225	-1	-1	1	-1	0	1	31	1	0	0
13232	普泓碎片	普泓碎片	225	-1	-1	1	-1	0	1	32	1	0	0
13233	青龙碎片	青龙碎片	225	-1	-1	1	-1	0	1	33	1	0	0
13234	幽姬碎片	幽姬碎片	225	-1	-1	1	-1	0	1	34	1	0	0
13235	白虎碎片	白虎碎片	225	-1	-1	1	-1	0	1	35	1	0	0
13236	玄武碎片	玄武碎片	225	-1	-1	1	-1	0	1	36	1	0	0
13237	普方碎片	普方碎片	225	-1	-1	1	-1	0	1	37	1	0	0
13238	兽神碎片	兽神碎片	225	-1	-1	1	-1	0	1	38	1	0	0
13239	玲珑碎片	玲珑碎片	225	-1	-1	1	-1	0	1	39	1	0	0
13240	黑虎碎片	黑虎碎片	225	-1	-1	1	-1	0	1	40	1	0	0
13241	巫妖碎片	巫妖碎片	225	-1	-1	1	-1	0	1	41	1	0	0
13242	水月大师碎片	水月大师碎片	225	-1	-1	1	-1	0	1	42	1	0	0
13243	萧逸才碎片	萧逸才碎片	225	-1	-1	1	-1	0	1	43	1	0	0
13244	年老大碎片	年老大碎片	225	-1	-1	1	-1	0	1	44	1	0	0
13245	姜老三碎片	姜老三碎片	225	-1	-1	1	-1	0	1	45	1	0	0
13246	苍松道人碎片	苍松道人碎片	225	-1	-1	1	-1	0	1	0	1	0	0
13401	10灵尘	10灵尘	224	-1	-1	1	-1	0	1	10	0	0	0
13402	100灵尘	100灵尘	224	-1	-1	1	-1	0	1	100	0	0	0
13403	1000灵尘	1000灵尘	224	-1	-1	1	-1	0	1	1000	0	0	0
14000	宠物蛋	顽猴内丹	208	0	-1	1	-1	0	1	1445	-1	-1	-1
14001	宠物蛋	饕餮内丹	208	0	-1	1	-1	0	1	1449	-1	-1	-1
14002	宠物蛋	雪人内丹	208	0	-1	1	-1	0	1	2304	-1	-1	-1
14003	宠物蛋	稀有雪人内丹	208	0	-1	1	-1	0	1	2306	-1	-1	-1
14004	宠物蛋	蓝瘦香菇内丹	208	0	-1	1	-1	0	1	2308	-1	-1	-1
14005	宠物蛋	喵呜内丹	208	0	-1	1	-1	0	1	2372	-1	-1	-1
14006	宠物蛋	稀有喵呜内丹	208	0	-1	1	-1	0	1	2374	-1	-1	-1
14007	宠物蛋	小墨妹内丹	208	0	-1	1	-1	0	1	2387	-1	-1	-1
14008	宠物蛋	小黄鸡内丹	208	0	-1	1	-1	0	1	2400	-1	-1	-1
14009	宠物蛋	稀有小黄鸡内丹	208	0	-1	1	-1	0	1	2402	-1	-1	-1
15200	宠物亲密道具	宠物泡泡糖	212	0	-1	1	-1	0	1	1	-1	-1	-1
20000	麒麟-7天	麒麟-7天	215	0	-1	1	-1	0	1	4	0	-1	0
20001	麒麟-30天	麒麟-30天	215	0	-1	1	-1	0	1	4	0	-1	0
20002	麒麟-永久	麒麟-永久	215	0	-1	1	-1	0	1	4	0	-1	0
20003	青霜承影-7天	青霜承影-7天	215	0	-1	1	-1	0	1	42	0	-1	0
20004	青霜承影-30天	青霜承影-30天	215	0	-1	1	-1	0	1	42	0	-1	0
20005	青霜承影-永久	青霜承影-永久	215	0	-1	1	-1	0	1	42	0	-1	0
20006	青羽-7天	青羽	215	0	-1	1	-1	0	1	41	0	-1	0
20007	青羽-30天	青羽	215	0	-1	1	-1	0	1	41	0	-1	0
20008	青羽-永久	青羽[永久]	215	0	-1	1	-1	0	1	41	0	-1	0
20500	小凡装头部	小凡装·发型	221	-1	-1	1	-1	0	1	0	0	0	0
20501	小凡装衣服	小凡装·服饰	221	-1	-1	1	-1	0	1	1	0	0	0
20502	鬼厉装头部	鬼厉装·发型	221	-1	-1	1	-1	0	1	2	0	0	0
20503	鬼厉装衣服	鬼厉装·服饰	221	-1	-1	1	-1	0	1	3	0	0	0
20504	雪琪装头部	雪琪装·发型	221	-1	-1	1	-1	0	1	4	0	0	0
20505	雪琪装衣服	雪琪装·服饰	221	-1	-1	1	-1	0	1	5	0	0	0
20506	碧瑶装头部	碧瑶装·发型	221	-1	-1	1	-1	0	1	6	0	0	0
20507	碧瑶装衣服	碧瑶装·服饰	221	-1	-1	1	-1	0	1	7	0	0	0
20508	新手外观衣服1-7天	青逸·衣[7天]	221	-1	-1	1	-1	0	1	8	0	0	0
20509	新手外观衣服2-7天	弥云·衣[7天]	221	-1	-1	1	-1	0	1	9	0	0	0
20510	新手外观衣服3-7天	玄影·衣[7天]	221	-1	-1	1	-1	0	1	10	0	0	0
20511	新手外观脸1-7天	初雪·脸[7天]	221	-1	-1	1	-1	0	1	11	0	0	0
20512	新手外观脸2-7天	古兰·脸[7天]	221	-1	-1	1	-1	0	1	12	0	0	0
20513	新手外观脸3-7天	蕙质·脸[7天]	221	-1	-1	1	-1	0	1	13	0	0	0
20514	新手外观脸4-7天	娟秀·脸[7天]	221	-1	-1	1	-1	0	1	14	0	0	0
20515	新手外观脸5-7天	静姝·脸[7天]	221	-1	-1	1	-1	0	1	15	0	0	0
20516	新手外观脸6-7天	青岚·脸[7天]	221	-1	-1	1	-1	0	1	16	0	0	0
20517	新手外观头发1-7天	流云·发[7天]	221	-1	-1	1	-1	0	1	17	0	0	0
20518	新手外观头发2-7天	云髻·发[7天]	221	-1	-1	1	-1	0	1	18	0	0	0
20519	新手外观头发3-7天	凌云·发[7天]	221	-1	-1	1	-1	0	1	19	0	0	0
20520	新手外观头发4-7天	洛玄·发[7天]	221	-1	-1	1	-1	0	1	20	0	0	0
20521	新手外观头发5-7天	辉月·发[7天]	221	-1	-1	1	-1	0	1	21	0	0	0
20522	新手外观头发6-7天	璃梦·发[7天]	221	-1	-1	1	-1	0	1	22	0	0	0
20523	职业武器1级-7天	流光·器[7天]	221	-1	-1	1	-1	0	1	23	0	0	0
20524	职业武器20级-7天	定光·器[7天]	221	-1	-1	1	-1	0	1	24	0	0	0
20525	职业武器40级-7天	青冥·器[7天]	221	-1	-1	1	-1	0	1	25	0	0	0
20526	职业武器70转80级-7天	戾天·器[7天]	221	-1	-1	1	-1	0	1	26	0	0	0
20527	职业武器100转100级-7天	归鸿·器[7天]	221	-1	-1	1	-1	0	1	27	0	0	0
20528	职业武器130转120级-7天	纤云·器[7天]	221	-1	-1	1	-1	0	1	28	0	0	0
20529	职业武器150级-7天	飞星·器[7天]	221	-1	-1	1	-1	0	1	29	0	0	0
20530	职业武器转135级-7天	含光·器[7天]	221	-1	-1	1	-1	0	1	30	0	0	0
20531	职业武器转145级-7天	阙情·器[7天]	221	-1	-1	1	-1	0	1	31	0	0	0
20532	职业武器转155级-7天	七星·器[7天]	221	-1	-1	1	-1	0	1	32	0	0	0
20533	新手外观衣服1-30天	青逸·衣[30天]	221	-1	-1	1	-1	0	1	8	0	0	0
20534	新手外观衣服2-30天	弥云·衣[30天]	221	-1	-1	1	-1	0	1	9	0	0	0
20535	新手外观衣服3-30天	玄影·衣[30天]	221	-1	-1	1	-1	0	1	10	0	0	0
20536	新手外观脸1-30天	初雪·脸[30天]	221	-1	-1	1	-1	0	1	11	0	0	0
20537	新手外观脸2-30天	古兰·脸[30天]	221	-1	-1	1	-1	0	1	12	0	0	0
20538	新手外观脸3-30天	蕙质·脸[30天]	221	-1	-1	1	-1	0	1	13	0	0	0
20539	新手外观脸4-30天	娟秀·脸[30天]	221	-1	-1	1	-1	0	1	14	0	0	0
20540	新手外观脸5-30天	静姝·脸[30天]	221	-1	-1	1	-1	0	1	15	0	0	0
20541	新手外观脸6-30天	青岚·脸[30天]	221	-1	-1	1	-1	0	1	16	0	0	0
20542	新手外观头发1-30天	流云·发[30天]	221	-1	-1	1	-1	0	1	17	0	0	0
20543	新手外观头发2-30天	云髻·发[30天]	221	-1	-1	1	-1	0	1	18	0	0	0
20544	新手外观头发3-30天	凌云·发[30天]	221	-1	-1	1	-1	0	1	19	0	0	0
20545	新手外观头发4-30天	洛玄·发[30天]	221	-1	-1	1	-1	0	1	20	0	0	0
20546	新手外观头发5-30天	辉月·发[30天]	221	-1	-1	1	-1	0	1	21	0	0	0
20547	新手外观头发6-30天	璃梦·发[30天]	221	-1	-1	1	-1	0	1	22	0	0	0
20548	职业武器1级-30天	流光·器[30天]	221	-1	-1	1	-1	0	1	23	0	0	0
20549	职业武器20级-30天	定光·器[30天]	221	-1	-1	1	-1	0	1	24	0	0	0
20550	职业武器40级-30天	青冥·器[30天]	221	-1	-1	1	-1	0	1	25	0	0	0
20551	职业武器70转80级-30天	戾天·器[30天]	221	-1	-1	1	-1	0	1	26	0	0	0
20552	职业武器100转100级-30天	归鸿·器[30天]	221	-1	-1	1	-1	0	1	27	0	0	0
20553	职业武器130转120级-30天	纤云·器[30天]	221	-1	-1	1	-1	0	1	28	0	0	0
20554	职业武器150级-30天	飞星·器[30天]	221	-1	-1	1	-1	0	1	29	0	0	0
20555	职业武器转135级-30天	含光·器[30天]	221	-1	-1	1	-1	0	1	30	0	0	0
20556	职业武器转145级-30天	阙情·器[30天]	221	-1	-1	1	-1	0	1	31	0	0	0
20557	职业武器转155级-30天	七星·器[30天]	221	-1	-1	1	-1	0	1	32	0	0	0
20558	新手外观衣服1-永久	青逸·衣[永久]	221	-1	-1	1	-1	0	1	8	0	0	0
20559	新手外观衣服2-永久	弥云·衣[永久]	221	-1	-1	1	-1	0	1	9	0	0	0
20560	新手外观衣服3-永久	玄影·衣[永久]	221	-1	-1	1	-1	0	1	10	0	0	0
20561	新手外观脸1-永久	初雪·脸[永久]	221	-1	-1	1	-1	0	1	11	0	0	0
20562	新手外观脸2-永久	古兰·脸[永久]	221	-1	-1	1	-1	0	1	12	0	0	0
20563	新手外观脸3-永久	蕙质·脸[永久]	221	-1	-1	1	-1	0	1	13	0	0	0
20564	新手外观脸4-永久	娟秀·脸[永久]	221	-1	-1	1	-1	0	1	14	0	0	0
20565	新手外观脸5-永久	静姝·脸[永久]	221	-1	-1	1	-1	0	1	15	0	0	0
20566	新手外观脸6-永久	青岚·脸[永久]	221	-1	-1	1	-1	0	1	16	0	0	0
20567	新手外观头发1-永久	流云·发[永久]	221	-1	-1	1	-1	0	1	17	0	0	0
20568	新手外观头发2-永久	云髻·发[永久]	221	-1	-1	1	-1	0	1	18	0	0	0
20569	新手外观头发3-永久	凌云·发[永久]	221	-1	-1	1	-1	0	1	19	0	0	0
20570	新手外观头发4-永久	洛玄·发[永久]	221	-1	-1	1	-1	0	1	20	0	0	0
20571	新手外观头发5-永久	辉月·发[永久]	221	-1	-1	1	-1	0	1	21	0	0	0
20572	新手外观头发6-永久	璃梦·发[永久]	221	-1	-1	1	-1	0	1	22	0	0	0
20573	职业武器1级-永久	流光·器[永久]	221	-1	-1	1	-1	0	1	23	0	0	0
20574	职业武器20级-永久	定光·器[永久]	221	-1	-1	1	-1	0	1	24	0	0	0
20575	职业武器40级-永久	青冥·器[永久]	221	-1	-1	1	-1	0	1	25	0	0	0
20576	职业武器70转80级-永久	戾天·器[永久]	221	-1	-1	1	-1	0	1	26	0	0	0
20577	职业武器100转100级-永久	归鸿·器[永久]	221	-1	-1	1	-1	0	1	27	0	0	0
20578	职业武器130转120级-永久	纤云·器[永久]	221	-1	-1	1	-1	0	1	28	0	0	0
20579	职业武器150级-永久	飞星·器[永久]	221	-1	-1	1	-1	0	1	29	0	0	0
20580	职业武器转135级-永久	含光·器[永久]	221	-1	-1	1	-1	0	1	30	0	0	0
20581	职业武器转145级-永久	阙情·器[永久]	221	-1	-1	1	-1	0	1	31	0	0	0
20582	职业武器转155级-永久	七星·器[永久]	221	-1	-1	1	-1	0	1	32	0	0	0
20583	低级结婚时装-衣服-7天	桃花装·衣[7天]	221	-1	-1	1	-1	0	1	33	0	0	0
20584	低级结婚时装-头饰-7天	桃花装·头[7天]	221	-1	-1	1	-1	0	1	33	0	0	0
20585	低级结婚时装-衣服-永久	桃花装·衣[永久]	221	-1	-1	1	-1	0	1	33	0	0	0
20586	低级结婚时装-头饰-永久	桃花装·头[永久]	221	-1	-1	1	-1	0	1	33	0	0	0
20587	孔雀时装-衣服-7天	孔雀时装·衣[7天]	221	-1	-1	1	-1	0	1	34	0	0	0
20588	孔雀时装-头饰-7天	孔雀时装·头[7天]	221	-1	-1	1	-1	0	1	34	0	0	0
20589	孔雀时装-衣服-永久	孔雀时装·衣[永久]	221	-1	-1	1	-1	0	1	34	0	0	0
20590	孔雀时装-头饰-永久	孔雀时装·头[永久]	221	-1	-1	1	-1	0	1	34	0	0	0
20591	低级结婚时装-衣服-30天	桃花装·衣[30天]	221	-1	-1	1	-1	0	1	33	0	0	0
20592	低级结婚时装-头饰-30天	桃花装·头[30天]	221	-1	-1	1	-1	0	1	33	0	0	0
20593	孔雀时装-衣服-30天	孔雀时装·衣[30天]	221	-1	-1	1	-1	0	1	34	0	0	0
20594	孔雀时装-头饰-30天	孔雀时装·头[30天]	221	-1	-1	1	-1	0	1	34	0	0	0
20656	鬼厉装头部	鬼厉装·发[7天]	221	-1	-1	1	-1	0	1	2	0	0	0
20657	鬼厉装头部	鬼厉装·发[30天]	221	-1	-1	1	-1	0	1	2	0	0	0
20658	鬼厉装头部	鬼厉装·发[永久]	221	-1	-1	1	-1	0	1	2	0	0	0
20659	低级结婚时装-衣服-7天	青鸾装·衣[7天]	221	-1	-1	1	-1	0	1	53	0	0	0
20660	低级结婚时装-衣服-30天	青鸾装·衣[30天]	221	-1	-1	1	-1	0	1	53	0	0	0
20661	低级结婚时装-衣服-永久	青鸾装·衣[永久]	221	-1	-1	1	-1	0	1	53	0	0	0
20662	新·鬼厉装衣服	鬼厉装·衣[7天]	221	-1	-1	1	-1	0	1	54	0	0	0
20663	新·鬼厉装衣服	鬼厉装·衣[30天]	221	-1	-1	1	-1	0	1	54	0	0	0
20664	新·鬼厉装衣服	鬼厉装·衣[永久]	221	-1	-1	1	-1	0	1	54	0	0	0
20665	新·雪琪装衣服	雪琪装·衣[7天]	221	-1	-1	1	-1	0	1	55	0	0	0
20666	新·雪琪装衣服	雪琪装·衣[30天]	221	-1	-1	1	-1	0	1	55	0	0	0
20667	新·雪琪装衣服	雪琪装·衣[永久]	221	-1	-1	1	-1	0	1	55	0	0	0
20668	新·碧瑶装衣服	碧瑶装·衣[7天]	221	-1	-1	1	-1	0	1	56	0	0	0
20669	新·碧瑶装衣服	碧瑶装·衣[30天]	221	-1	-1	1	-1	0	1	56	0	0	0
20670	新·碧瑶装衣服	碧瑶装·衣[永久]	221	-1	-1	1	-1	0	1	56	0	0	0
20671	新·鬼厉装头部	鬼厉装·发[7天]	221	-1	-1	1	-1	0	1	57	0	0	0
20672	新·鬼厉装头部	鬼厉装·发[30天]	221	-1	-1	1	-1	0	1	57	0	0	0
20673	新·鬼厉装头部	鬼厉装·发[永久]	221	-1	-1	1	-1	0	1	57	0	0	0
20674	新·雪琪装头部	雪琪装·发[7天]	221	-1	-1	1	-1	0	1	58	0	0	0
20675	新·雪琪装头部	雪琪装·发[30天]	221	-1	-1	1	-1	0	1	58	0	0	0
20676	新·雪琪装头部	雪琪装·发[永久]	221	-1	-1	1	-1	0	1	58	0	0	0
20677	新·碧瑶装头部	碧瑶装·发[7天]	221	-1	-1	1	-1	0	1	59	0	0	0
20678	新·碧瑶装头部	碧瑶装·发[30天]	221	-1	-1	1	-1	0	1	59	0	0	0
20679	新·碧瑶装头部	碧瑶装·发[永久]	221	-1	-1	1	-1	0	1	59	0	0	0
20680	校服装·发	校服装·发[7天]	221	-1	-1	1	-1	0	1	60	0	0	0
20681	校服装·发	校服装·发[30天]	221	-1	-1	1	-1	0	1	60	0	0	0
20682	校服装·发	校服装·发[永久]	221	-1	-1	1	-1	0	1	60	0	0	0
20683	校服装·衣	校服装·衣[7天]	221	-1	-1	1	-1	0	1	61	0	0	0
20684	校服装·衣	校服装·衣[30天]	221	-1	-1	1	-1	0	1	61	0	0	0
20685	校服装·衣	校服装·衣[永久]	221	-1	-1	1	-1	0	1	61	0	0	0
20686	月娥装·发	月娥装·发[7天]	221	-1	-1	1	-1	0	1	62	0	0	0
20687	月娥装·发	月娥装·发[30天]	221	-1	-1	1	-1	0	1	62	0	0	0
20688	月娥装·发	月娥装·发[永久]	221	-1	-1	1	-1	0	1	62	0	0	0
20689	月娥装·衣	月娥装·衣[7天]	221	-1	-1	1	-1	0	1	63	0	0	0
20690	月娥装·衣	月娥装·衣[30天]	221	-1	-1	1	-1	0	1	63	0	0	0
20691	月娥装·衣	月娥装·衣[永久]	221	-1	-1	1	-1	0	1	63	0	0	0
20692	丹青装·衣	丹青装·衣[7天]	221	-1	-1	1	-1	0	1	64	0	0	0
20693	丹青装·衣	丹青装·衣[30天]	221	-1	-1	1	-1	0	1	64	0	0	0
20694	丹青装·衣	丹青装·衣[永久]	221	-1	-1	1	-1	0	1	64	0	0	0
20695	凤凰装·发	凤凰装·发[7天]	221	-1	-1	1	-1	0	1	65	0	0	0
20696	凤凰装·发	凤凰装·发[30天]	221	-1	-1	1	-1	0	1	65	0	0	0
20697	凤凰装·发	凤凰装·发[永久]	221	-1	-1	1	-1	0	1	65	0	0	0
20698	凤凰装·衣	凤凰装·衣[7天]	221	-1	-1	1	-1	0	1	66	0	0	0
20699	凤凰装·衣	凤凰装·衣[30天]	221	-1	-1	1	-1	0	1	66	0	0	0
20700	凤凰装·衣	凤凰装·衣[永久]	221	-1	-1	1	-1	0	1	66	0	0	0
20701	南瓜头饰	南瓜头饰[7天]	221	-1	-1	1	-1	0	1	67	0	0	0
20702	南瓜头饰	南瓜头饰[30天]	221	-1	-1	1	-1	0	1	67	0	0	0
20703	南瓜头饰	南瓜头饰[永久]	221	-1	-1	1	-1	0	1	67	0	0	0
20704	精灵头饰	精灵头饰[7天]	221	-1	-1	1	-1	0	1	68	0	0	0
20705	精灵头饰	精灵头饰[30天]	221	-1	-1	1	-1	0	1	68	0	0	0
20706	精灵头饰	精灵头饰[永久]	221	-1	-1	1	-1	0	1	68	0	0	0
20707	舞会头饰	舞会头饰[7天]	221	-1	-1	1	-1	0	1	69	0	0	0
20708	舞会头饰	舞会头饰[30天]	221	-1	-1	1	-1	0	1	69	0	0	0
20709	舞会头饰	舞会头饰[永久]	221	-1	-1	1	-1	0	1	69	0	0	0
20710	修罗装·衣	修罗装·衣[7天]	221	-1	-1	1	-1	0	1	70	0	0	0
20711	修罗装·衣	修罗装·衣[30天]	221	-1	-1	1	-1	0	1	70	0	0	0
20712	修罗装·衣	修罗装·衣[永久]	221	-1	-1	1	-1	0	1	70	0	0	0
20713	单身狗·发	单身狗·发[7天]	221	-1	-1	1	-1	0	1	71	0	0	0
20714	单身狗·发	单身狗·发[30天]	221	-1	-1	1	-1	0	1	71	0	0	0
20715	单身狗·发	单身狗·发[永久]	221	-1	-1	1	-1	0	1	71	0	0	0
20716	圣诞壹·发	圣诞壹·发[7天]	221	-1	-1	1	-1	0	1	72	0	0	0
20717	圣诞壹·发	圣诞壹·发[30天]	221	-1	-1	1	-1	0	1	72	0	0	0
20718	圣诞壹·发	圣诞壹·发[永久]	221	-1	-1	1	-1	0	1	72	0	0	0
20719	圣诞壹·衣	圣诞壹·衣[7天]	221	-1	-1	1	-1	0	1	73	0	0	0
20720	圣诞壹·衣	圣诞壹·衣[30天]	221	-1	-1	1	-1	0	1	73	0	0	0
20721	圣诞壹·衣	圣诞壹·衣[永久]	221	-1	-1	1	-1	0	1	73	0	0	0
20722	圣诞贰·发	圣诞贰·发[7天]	221	-1	-1	1	-1	0	1	74	0	0	0
20723	圣诞贰·发	圣诞贰·发[30天]	221	-1	-1	1	-1	0	1	74	0	0	0
20724	圣诞贰·发	圣诞贰·发[永久]	221	-1	-1	1	-1	0	1	74	0	0	0
20725	圣诞贰·衣	圣诞贰·衣[7天]	221	-1	-1	1	-1	0	1	75	0	0	0
20726	圣诞贰·衣	圣诞贰·衣[30天]	221	-1	-1	1	-1	0	1	75	0	0	0
20727	圣诞贰·衣	圣诞贰·衣[永久]	221	-1	-1	1	-1	0	1	75	0	0	0
20728	圣诞壹·武	圣诞壹·武[7天]	221	-1	-1	1	-1	0	1	76	0	0	0
20729	圣诞壹·武	圣诞壹·武[30天]	221	-1	-1	1	-1	0	1	76	0	0	0
20730	圣诞壹·武	圣诞壹·武[永久]	221	-1	-1	1	-1	0	1	76	0	0	0
20731	星辰装·武	星辰装·武[7天]	221	-1	-1	1	-1	0	1	77	0	0	0
20732	星辰装·武	星辰装·武[30天]	221	-1	-1	1	-1	0	1	77	0	0	0
20733	星辰装·武	星辰装·武[永久]	221	-1	-1	1	-1	0	1	77	0	0	0
20734	新年壹·衣	新年壹·衣[7天]	221	-1	-1	1	-1	0	1	78	0	0	0
20735	新年壹·衣	新年壹·衣[30天]	221	-1	-1	1	-1	0	1	78	0	0	0
20736	新年壹·衣	新年壹·衣[永久]	221	-1	-1	1	-1	0	1	78	0	0	0
20737	新年壹·发	新年壹·发[7天]	221	-1	-1	1	-1	0	1	79	0	0	0
20738	新年壹·发	新年壹·发[30天]	221	-1	-1	1	-1	0	1	79	0	0	0
20739	新年壹·发	新年壹·发[永久]	221	-1	-1	1	-1	0	1	79	0	0	0
20740	新年贰·衣	新年贰·衣[7天]	221	-1	-1	1	-1	0	1	80	0	0	0
20741	新年贰·衣	新年贰·衣[30天]	221	-1	-1	1	-1	0	1	80	0	0	0
20742	新年贰·衣	新年贰·衣[永久]	221	-1	-1	1	-1	0	1	80	0	0	0
20743	新年贰·发	新年贰·发[7天]	221	-1	-1	1	-1	0	1	81	0	0	0
20744	新年贰·发	新年贰·发[30天]	221	-1	-1	1	-1	0	1	81	0	0	0
20745	新年贰·发	新年贰·发[永久]	221	-1	-1	1	-1	0	1	81	0	0	0
20746	情缘壹·发	情缘壹·发[7天]	221	-1	-1	1	-1	0	1	82	0	0	0
20747	情缘壹·发	情缘壹·发[30天]	221	-1	-1	1	-1	0	1	82	0	0	0
20748	情缘壹·发	情缘壹·发[永久]	221	-1	-1	1	-1	0	1	82	0	0	0
20749	情缘壹·衣	情缘壹·衣[7天]	221	-1	-1	1	-1	0	1	83	0	0	0
20750	情缘壹·衣	情缘壹·衣[30天]	221	-1	-1	1	-1	0	1	83	0	0	0
20751	情缘壹·衣	情缘壹·衣[永久]	221	-1	-1	1	-1	0	1	83	0	0	0
20752	情缘贰·发	情缘贰·发[7天]	221	-1	-1	1	-1	0	1	84	0	0	0
20753	情缘贰·发	情缘贰·发[30天]	221	-1	-1	1	-1	0	1	84	0	0	0
20754	情缘贰·发	情缘贰·发[永久]	221	-1	-1	1	-1	0	1	84	0	0	0
20755	情缘贰·衣	情缘贰·衣[7天]	221	-1	-1	1	-1	0	1	85	0	0	0
20756	情缘贰·衣	情缘贰·衣[30天]	221	-1	-1	1	-1	0	1	85	0	0	0
20757	情缘贰·衣	情缘贰·衣[永久]	221	-1	-1	1	-1	0	1	85	0	0	0
20758	千机	千机黄·衣[7天]	221	-1	-1	1	-1	0	1	86	0	0	0
20759	千机	千机黄·衣[30天]	221	-1	-1	1	-1	0	1	86	0	0	0
20760	千机	千机黄·衣[永久]	221	-1	-1	1	-1	0	1	86	0	0	0
20761	幻·张小凡	幻·张小凡[5小时]	248	-1	-1	1	-1	0	1	1	0	0	0
20762	幻·张小凡	幻·张小凡[7天]	248	-1	-1	1	-1	0	1	1	0	0	0
20763	幻·张小凡	幻·张小凡[30天]	248	-1	-1	1	-1	0	1	1	0	0	0
20764	幻·三尾	幻·三尾[5小时]	248	-1	-1	1	-1	0	1	2	0	0	0
20765	幻·三尾	幻·三尾[7天]	248	-1	-1	1	-1	0	1	2	0	0	0
20766	幻·三尾	幻·三尾[30天]	248	-1	-1	1	-1	0	1	2	0	0	0
20767	幻·小环	幻·小环[5小时]	248	-1	-1	1	-1	0	1	6	0	0	0
20768	幻·小环	幻·小环[7天]	248	-1	-1	1	-1	0	1	6	0	0	0
20769	幻·小环	幻·小环[30天]	248	-1	-1	1	-1	0	1	6	0	0	0
20770	幻·林惊羽	幻·林惊羽[5小时]	248	-1	-1	1	-1	0	1	7	0	0	0
20771	幻·林惊羽	幻·林惊羽[7天]	248	-1	-1	1	-1	0	1	7	0	0	0
20772	幻·林惊羽	幻·林惊羽[30天]	248	-1	-1	1	-1	0	1	7	0	0	0
20773	幻·杜必书	幻·杜必书[30分钟]	248	-1	-1	1	-1	0	1	3	0	0	0
20774	幻·杜必书	幻·杜必书[5小时]	248	-1	-1	1	-1	0	1	3	0	0	0
20775	幻·杜必书	幻·杜必书[7天]	248	-1	-1	1	-1	0	1	3	0	0	0
20776	幻·狐妖	幻·狐妖[30分钟]	248	-1	-1	1	-1	0	1	4	0	0	0
20777	幻·狐妖	幻·狐妖[5小时]	248	-1	-1	1	-1	0	1	4	0	0	0
20778	幻·狐妖	幻·狐妖[7天]	248	-1	-1	1	-1	0	1	4	0	0	0
20779	幻·周一仙	幻·周一仙[30分钟]	248	-1	-1	1	-1	0	1	5	0	0	0
20780	幻·周一仙	幻·周一仙[5小时]	248	-1	-1	1	-1	0	1	5	0	0	0
20781	幻·周一仙	幻·周一仙[7天]	248	-1	-1	1	-1	0	1	5	0	0	0
20782	新年装·武	新年装·武[7天]	221	-1	-1	1	-1	0	1	87	0	0	0
20783	新年装·武	新年装·武[30天]	221	-1	-1	1	-1	0	1	87	0	0	0
20784	新年装·武	新年装·武[永久]	221	-1	-1	1	-1	0	1	87	0	0	0
20785	绿楹装·发	绿楹装·发[7天]	221	-1	-1	1	-1	0	1	88	0	0	0
20786	绿楹装·发	绿楹装·发[30天]	221	-1	-1	1	-1	0	1	88	0	0	0
20787	绿楹装·发	绿楹装·发[永久]	221	-1	-1	1	-1	0	1	88	0	0	0
20788	绿楹装·衣	绿楹装·衣[7天]	221	-1	-1	1	-1	0	1	88	0	0	0
20789	绿楹装·衣	绿楹装·衣[30天]	221	-1	-1	1	-1	0	1	88	0	0	0
20790	绿楹装·衣	绿楹装·衣[永久]	221	-1	-1	1	-1	0	1	88	0	0	0
22200	好感度道具	大束黄玫瑰	229	-1	-1	1	-1	0	1	1000	0	0	0
22201	好感度道具	小束黄玫瑰	229	-1	-1	1	-1	0	1	100	0	0	0
22202	好感度道具	一只黄玫瑰	229	-1	-1	1	-1	0	1	10	0	0	0
22203	情人节送花活动道具	一生一世	247	-1	-1	1	-1	0	1	1314	0	0	0
22204	情人节送花活动道具	我爱你	247	-1	-1	1	-1	0	1	520	0	0	0
22205	情人节送花活动道具	一心一意	247	-1	-1	1	-1	0	1	11	0	0	0
22400	飞升道具	涅槃金印	201	0	-1	1	-1	0	1	0	0	0	0
22401	降低杀气道具	丹书铁劵	211	0	-1	1	-1	0	1	1	-1	-1	-1
22402	角色改名-有CD	角色更名册	220	0	-1	0	-1	0	1	1	0	0	0
22403	家族改名-有CD	家族更名册	220	0	-1	0	-1	0	1	3	0	0	0
22404	帮会改名-有CD	帮会更名册	220	0	-1	0	-1	0	1	2	0	0	0
22405	角色改名-无CD	角色更名册	220	0	-1	0	-1	0	1	1	0	0	0
22406	家族改名-无CD	家族更名册	220	0	-1	0	-1	0	1	3	0	0	0
22407	帮会改名-无CD	帮会更名册	220	0	-1	0	-1	0	1	2	0	0	0
22409	结婚小烟花-花前月下	花前月下烟花	228	-1	-1	1	123	0	1	40	0	0	0
22410	结婚大烟花-金玉良缘	金玉良缘烟花	228	-1	-1	1	123	0	1	39	0	0	0
22411	结婚小烟花-花前月下（任务专用）	花前月下烟花	228	-1	-1	1	123	0	1	40	0	0	0
22413	师徒 - 徒弟献礼·环线	徒弟献礼·环线	238	-1	-1	1	202	0	1	0	0	0	0
22414	师徒 - 徒弟献礼·帮派	徒弟献礼·帮派	239	-1	-1	1	203	0	1	0	0	0	0
22416	圣诞快乐烟花	圣诞快乐	228	-1	-1	1	123	0	1	74	50	0	0
22417	元旦快乐烟花	元旦快乐	228	-1	-1	1	123	0	1	75	50	0	0
22418	下雪烟花	风花雪月	228	-1	-1	1	123	0	1	76	66	0	0
22419	吊炸天烟花	金玉满堂	228	-1	-1	1	123	0	1	77	100	0	0
22420	节日环 - 佳节献礼·环线	佳节献礼·环线	238	-1	-1	1	202	0	1	0	0	0	0
22421	相思入海烟花	相思入海烟花	228	-1	-1	1	123	0	1	80	0	0	0
22422	天香锦瑟烟花	天香锦瑟烟花	228	-1	-1	1	123	0	1	81	0	0	0
22423	璀璨星河烟花	璀璨星河烟花	228	-1	-1	1	123	0	1	82	0	0	0
22424	粉红记忆烟花	粉红记忆烟花	228	-1	-1	1	123	0	1	83	0	0	0
22425	火树银花烟花	火树银花烟花	228	-1	-1	1	123	0	1	84	0	0	0
22426	韶华绮梦烟花	韶华绮梦烟花	228	-1	-1	1	123	0	1	85	0	0	0
22431	5个吊炸天烟花	5个金玉满堂	228	-1	-1	1	123	0	1	77	500	0	0
22432	25个吊炸天烟花	25个金玉满堂	228	-1	-1	1	123	0	1	77	2500	0	0
22500	主线任务称号	跑啊跑啊跑断腿	222	-1	-1	1	-1	0	1	137	0	0	0
22501	隐藏任务称号	当一天和尚撞一天钟	222	-1	-1	1	-1	0	1	90	0	0	0
22502	文曲试炼称号	状元	222	-1	-1	1	-1	0	1	79	0	0	0
22503	文曲试炼称号	榜眼	222	-1	-1	1	-1	0	1	80	0	0	0
22504	文曲试炼称号	探花	222	-1	-1	1	-1	0	1	81	0	0	0
22505	文曲试炼称号	进士	222	-1	-1	1	-1	0	1	82	0	0	0
22506	王者组第1名（周）	王者·巅峰	222	-1	-1	1	-1	0	1	146	0	0	0
22507	王者组第2名（周）	王者·宗师	222	-1	-1	1	-1	0	1	147	0	0	0
22508	王者组第3名（周）	王者·名士	222	-1	-1	1	-1	0	1	148	0	0	0
22509	钻石组第1名（周）	钻石·巅峰	222	-1	-1	1	-1	0	1	149	0	0	0
22510	钻石组第2名（周）	钻石·宗师	222	-1	-1	1	-1	0	1	150	0	0	0
22511	钻石组第3名（周）	钻石·名士	222	-1	-1	1	-1	0	1	151	0	0	0
22512	白金组第1名（周）	白金·巅峰	222	-1	-1	1	-1	0	1	152	0	0	0
22513	白金组第2名（周）	白金·宗师	222	-1	-1	1	-1	0	1	153	0	0	0
22514	白金组第3名（周）	白金·名士	222	-1	-1	1	-1	0	1	154	0	0	0
22515	黄金组第1名（周）	黄金·巅峰	222	-1	-1	1	-1	0	1	155	0	0	0
22516	黄金组第2名（周）	黄金·宗师	222	-1	-1	1	-1	0	1	156	0	0	0
22517	黄金组第3名（周）	黄金·名士	222	-1	-1	1	-1	0	1	157	0	0	0
22518	白银组第1名（周）	白银·巅峰	222	-1	-1	1	-1	0	1	158	0	0	0
22519	白银组第2名（周）	白银·宗师	222	-1	-1	1	-1	0	1	159	0	0	0
22520	白银组第3名（周）	白银·名士	222	-1	-1	1	-1	0	1	160	0	0	0
22521	青铜组第1名（周）	青铜·巅峰	222	-1	-1	1	-1	0	1	161	0	0	0
22522	青铜组第2名（周）	青铜·宗师	222	-1	-1	1	-1	0	1	162	0	0	0
22523	青铜组第3名（周）	青铜·名士	222	-1	-1	1	-1	0	1	163	0	0	0
22524	帮战第1名称号	天下第一帮	222	-1	-1	1	-1	0	1	135	0	0	0
22525	镇魔古洞难度2称号	卫道之士	222	-1	-1	1	-1	0	1	117	0	0	0
22526	镇魔古洞难度3称号	浮屠天将	222	-1	-1	1	-1	0	1	118	0	0	0
22527	镇魔古洞难度4称号	司命真君	222	-1	-1	1	-1	0	1	119	0	0	0
22528	镇魔古洞难度5称号	诛仙斩神	222	-1	-1	1	-1	0	1	120	0	0	0
22529	镇魔古洞难度6称号	镇魔天尊	222	-1	-1	1	-1	0	1	121	0	0	0
22530	天帝宝库封印1-称号	破魔星君·壹	222	-1	-1	1	-1	0	1	122	0	0	0
22531	天帝宝库封印2-称号	破魔星君·贰	222	-1	-1	1	-1	0	1	123	0	0	0
22532	天帝宝库封印3-称号	破魔星君·叁	222	-1	-1	1	-1	0	1	124	0	0	0
22533	天帝宝库封印4-称号	破魔总司·壹	222	-1	-1	1	-1	0	1	125	0	0	0
22534	天帝宝库封印5-称号	破魔总司·贰	222	-1	-1	1	-1	0	1	126	0	0	0
22535	天帝宝库封印6-称号	破魔总司·叁	222	-1	-1	1	-1	0	1	127	0	0	0
22536	天帝宝库封印7-称号	破魔总司·肆	222	-1	-1	1	-1	0	1	128	0	0	0
22537	天帝宝库封印8-称号	破魔真仙·壹	222	-1	-1	1	-1	0	1	129	0	0	0
22538	天帝宝库封印9-称号	破魔真仙·贰	222	-1	-1	1	-1	0	1	130	0	0	0
22539	天帝宝库封印10-称号	破魔真仙·叁	222	-1	-1	1	-1	0	1	131	0	0	0
22540	天帝宝库封印11-称号	破魔真仙·肆	222	-1	-1	1	-1	0	1	132	0	0	0
22541	天帝宝库封印12-称号	破魔真仙·伍	222	-1	-1	1	-1	0	1	133	0	0	0
22542	天帝宝库125层-称号	轩辕大帝	222	-1	-1	1	-1	0	1	134	0	0	0
22543	分享活动奖励称号	侠骨丹心临凡尘	222	-1	-1	1	-1	0	1	164	0	0	0
22544	好感度5000称号	我是好人	222	-1	-1	1	-1	0	1	165	0	0	0
22545	好感度10000称号	只有你懂我的好	222	-1	-1	1	-1	0	1	166	0	0	0
22546	好感度15000称号	人见人爱花见花开	222	-1	-1	1	-1	0	1	167	0	0	0
22548	VIP1称号	修道之始窥门径	222	-1	-1	1	-1	0	1	100	0	0	0
22549	VIP2称号	潜心修炼道初成	222	-1	-1	1	-1	0	1	101	0	0	0
22550	VIP3称号	体悟本心自通明	222	-1	-1	1	-1	0	1	102	0	0	0
22551	VIP4称号	胸中道法略有成	222	-1	-1	1	-1	0	1	103	0	0	0
22552	VIP5称号	十年一剑显锋芒	222	-1	-1	1	-1	0	1	104	0	0	0
22553	VIP6称号	风流人物声名扬	222	-1	-1	1	-1	0	1	105	0	0	0
22554	VIP7称号	通彻造化达天地	222	-1	-1	1	-1	0	1	106	0	0	0
22555	VIP8称号	拈花洒酒绝妙谛	222	-1	-1	1	-1	0	1	107	0	0	0
22556	VIP9称号	得证道体了凡尘	222	-1	-1	1	-1	0	1	108	0	0	0
22557	VIP10称号	百日渡劫入仙门	222	-1	-1	1	-1	0	1	109	0	0	0
22558	VIP11称号	斗转星移震寰宇	222	-1	-1	1	-1	0	1	110	0	0	0
22559	VIP12称号	剑破苍穹灭八荒	222	-1	-1	1	-1	0	1	111	0	0	0
22560	VIP13称号	屠尽邪妄万骨枯	222	-1	-1	1	-1	0	1	112	0	0	0
22561	VIP14称号	满腔热血，执一念诛妖魔	222	-1	-1	1	-1	0	1	113	0	0	0
22562	VIP15称号	<日月无情，转千世屠枭雄>	222	-1	-1	1	-1	0	1	114	0	0	0
22563	VIP16称号	为爱成魔，赴黄泉斩修罗	222	-1	-1	1	-1	0	1	115	0	0	0
22564	VIP17称号	<我本痴狂，撼九天戮神佛>	222	-1	-1	1	-1	0	1	116	0	0	0
22565	VIP18称号	天地不仁，以万物为刍狗	222	-1	-1	1	-1	0	1	144	0	0	0
22566	王者组第1名（月）	王者·巅峰	222	-1	-1	1	-1	0	1	169	0	0	0
22567	王者组第2名（月）	王者·宗师	222	-1	-1	1	-1	0	1	170	0	0	0
22568	王者组第3名（月）	王者·名士	222	-1	-1	1	-1	0	1	171	0	0	0
22569	钻石组第1名（月）	钻石·巅峰	222	-1	-1	1	-1	0	1	172	0	0	0
22570	钻石组第2名（月）	钻石·宗师	222	-1	-1	1	-1	0	1	173	0	0	0
22571	钻石组第3名（月）	钻石·名士	222	-1	-1	1	-1	0	1	174	0	0	0
22572	白金组第1名（月）	白金·巅峰	222	-1	-1	1	-1	0	1	175	0	0	0
22573	白金组第2名（月）	白金·宗师	222	-1	-1	1	-1	0	1	176	0	0	0
22574	白金组第3名（月）	白金·名士	222	-1	-1	1	-1	0	1	177	0	0	0
22575	黄金组第1名（月）	黄金·巅峰	222	-1	-1	1	-1	0	1	178	0	0	0
22576	黄金组第2名（月）	黄金·宗师	222	-1	-1	1	-1	0	1	179	0	0	0
22577	黄金组第3名（月）	黄金·名士	222	-1	-1	1	-1	0	1	180	0	0	0
22578	白银组第1名（月）	白银·巅峰	222	-1	-1	1	-1	0	1	181	0	0	0
22579	白银组第2名（月）	白银·宗师	222	-1	-1	1	-1	0	1	182	0	0	0
22580	白银组第3名（月）	白银·名士	222	-1	-1	1	-1	0	1	183	0	0	0
22581	青铜组第1名（月）	青铜·巅峰	222	-1	-1	1	-1	0	1	184	0	0	0
22582	青铜组第2名（月）	青铜·宗师	222	-1	-1	1	-1	0	1	185	0	0	0
22583	青铜组第3名（月）	青铜·名士	222	-1	-1	1	-1	0	1	186	0	0	0
22584	内测精英礼包称号	<内测精英玩家>	222	-1	-1	1	-1	0	1	198	0	0	0
22585	官网预约礼包称号	<在你手心·宛如初见>	222	-1	-1	1	-1	0	1	199	0	0	0
22586	官网活动百晓生礼包称号	<百晓生>	222	-1	-1	1	-1	0	1	200	0	0	0
22587	官网活动幻月镇魔礼包称号	<幻月府中仙>	222	-1	-1	1	-1	0	1	201	0	0	0
22588	官网活动清音礼包称号	<清音坊间伶>	222	-1	-1	1	-1	0	1	202	0	0	0
22589	官方评测团专属称号	<雄才大略·一语道破迷津>	222	-1	-1	1	-1	0	1	203	0	0	0
22590	优酷合作称号	<优我视界，酷爽一夏>	222	-1	-1	1	-1	0	1	211	0	0	0
22591	客服GS至尊礼包称号	<笑看风云变幻，唯我独尊>	222	-1	-1	1	-1	0	1	212	0	0	0
22592	师徒称号-师傅	<养什么死什么>	222	-1	-1	1	-1	0	1	215	0	0	0
22593	师徒称号-徒弟	<活多久算多久>	222	-1	-1	1	-1	0	1	216	0	0	0
22594	师徒称号-师傅	<举高高>	222	-1	-1	1	-1	0	1	217	0	0	0
22595	师徒称号-徒弟	<要抱抱>	222	-1	-1	1	-1	0	1	218	0	0	0
22596	师徒称号-师傅	<不差钱买买买>	222	-1	-1	1	-1	0	1	219	0	0	0
22597	师徒称号-徒弟	<伐开心要包包>	222	-1	-1	1	-1	0	1	220	0	0	0
22598	师徒称号-师傅	<该师傅未通过审核>	222	-1	-1	1	-1	0	1	221	0	0	0
22599	师徒称号-徒弟	<此徒弟已申请专利>	222	-1	-1	1	-1	0	1	222	0	0	0
22600	师徒称号-师傅	<我是你的WiFi>	222	-1	-1	1	-1	0	1	223	0	0	0
22601	师徒称号-徒弟	<你是我的蓝牙>	222	-1	-1	1	-1	0	1	224	0	0	0
22602	烛龙之怒称号	<诛龙>	222	-1	-1	1	-1	0	1	226	0	0	0
22603	烛龙之怒称号	<屠龙>	222	-1	-1	1	-1	0	1	227	0	0	0
22604	烛龙之怒称号	<斩龙>	222	-1	-1	1	-1	0	1	228	0	0	0
22605	官方妹子团专属称号	<娥眉倩兮瞳似水>	222	-1	-1	1	-1	0	1	230	0	0	0
22606	天工-采集3级称号	<手艺人>	222	-1	-1	1	-1	0	1	245	0	0	0
22607	天工-采集4级称号	<慧心巧思>	222	-1	-1	1	-1	0	1	246	0	0	0
22608	天工-采集5级称号	<造物达人>	222	-1	-1	1	-1	0	1	247	0	0	0
22609	天工-采集全部5级称号	<聚宝宗师>	222	-1	-1	1	-1	0	1	248	0	0	0
22610	天工-制造专精称号	<妙器仙工>	222	-1	-1	1	-1	0	1	249	0	0	0
22611	官网大R团称号（永久）	<无敌是多么寂寞>（永久）	222	-1	-1	1	-1	0	1	251	0	0	0
22612	官网大R团称号（30天）	<无敌是多么寂寞>（30天）	222	-1	-1	1	-1	0	1	252	0	0	0
22613	排行榜-烟花榜4、5名	<东风夜放花千树>	222	-1	-1	1	-1	0	1	253	0	0	0
22614	排行榜-烟花榜2、3名	<宝烟飞焰万花浓>	222	-1	-1	1	-1	0	1	254	0	0	0
22615	排行榜-烟花榜1名	<火树银花不夜天>	222	-1	-1	1	-1	0	1	255	0	0	0
22616	排行榜-累充	<任性何必称号拽>	222	-1	-1	1	-1	0	1	256	0	0	0
22617	王者争霸常规赛-王者组第1名	<常规赛·王者·冠军>	222	-1	-1	1	-1	0	1	257	0	0	0
22618	王者争霸常规赛-王者组第2、3名	<常规赛·王者·三强>	222	-1	-1	1	-1	0	1	258	0	0	0
22619	王者争霸常规赛-钻石组3强	<常规赛·钻石·三强>	222	-1	-1	1	-1	0	1	259	0	0	0
22620	王者争霸常规赛-白金组3强	<常规赛·白金·三强>	222	-1	-1	1	-1	0	1	260	0	0	0
22621	王者争霸常规赛-黄金组3强	<常规赛·黄金·三强>	222	-1	-1	1	-1	0	1	261	0	0	0
22622	王者争霸常规赛-白银组3强	<常规赛·白银·三强>	222	-1	-1	1	-1	0	1	262	0	0	0
22623	王者争霸常规赛-青铜组3强	<常规赛·青铜·三强>	222	-1	-1	1	-1	0	1	263	0	0	0
22624	王者争霸巅峰赛-第1名	<王者争霸·一手遮天>	222	-1	-1	1	-1	0	1	264	0	0	0
22625	王者争霸巅峰赛-第2名	<王者争霸·顶天立地>	222	-1	-1	1	-1	0	1	265	0	0	0
22626	王者争霸巅峰赛-第3名	<王者争霸·万古流芳>	222	-1	-1	1	-1	0	1	266	0	0	0
22627	王者争霸巅峰赛-第4名	<王者争霸·声名远扬>	222	-1	-1	1	-1	0	1	267	0	0	0
22628	王者争霸巅峰赛-第5~8名	<王者争霸·八强骄子>	222	-1	-1	1	-1	0	1	268	0	0	0
22629	王者争霸巅峰赛-第9~16名	<王者争霸·十六强名士>	222	-1	-1	1	-1	0	1	269	0	0	0
22630	王者争霸巅峰赛-第17~32名	<王者争霸·三十二强名士>	222	-1	-1	1	-1	0	1	270	0	0	0
22631	王者争霸巅峰赛-第33~64名	<王者争霸·六十四强名士>	222	-1	-1	1	-1	0	1	271	0	0	0
22632	王者争霸巅峰赛-蝉联3次第1名	<我就问，还有谁>	222	-1	-1	1	-1	0	1	272	0	0	0
22633	王者争霸巅峰赛-蝉联5次第1名	<别挣扎了，你们是赢不了我的>	222	-1	-1	1	-1	0	1	273	0	0	0
22634	官网炼器直播活动称号	<炼器十大错觉之下一次必成>	222	-1	-1	1	-1	0	1	274	0	0	0
22635	师徒称号补偿	师徒称号补偿	246	-1	-1	1	-1	0	1	0	0	0	0
22636	首届全国线下PK赛活动称号-64强	<首届全国线下PK赛·六十四强>	222	-1	-1	1	-1	0	1	277	0	0	0
22637	首届全国线下PK赛活动称号-32强	<首届全国线下PK赛·三十二强>	222	-1	-1	1	-1	0	1	278	0	0	0
22638	首届全国线下PK赛活动称号-16强	<首届全国线下PK赛·十六强>	222	-1	-1	1	-1	0	1	279	0	0	0
22639	首届全国线下PK赛活动称号-8强	<首届全国线下PK赛·八强>	222	-1	-1	1	-1	0	1	280	0	0	0
22640	首届全国线下PK赛活动称号-4名	<首届全国线下PK赛·四强>	222	-1	-1	1	-1	0	1	281	0	0	0
22641	首届全国线下PK赛活动称号-3名	<首届全国线下PK赛·季军>	222	-1	-1	1	-1	0	1	282	0	0	0
22642	首届全国线下PK赛活动称号-2名	<首届全国线下PK赛·亚军>	222	-1	-1	1	-1	0	1	283	0	0	0
22643	首届全国线下PK赛活动称号-1名	<首届全国线下PK赛·冠军>	222	-1	-1	1	-1	0	1	284	0	0	0
22644	夫妻副本称号1	<抱大腿当挂件>	222	-1	-1	1	-1	0	1	285	0	0	0
22645	夫妻副本称号2	<撒狗粮热乎哒>	222	-1	-1	1	-1	0	1	286	0	0	0
22646	夫妻副本称号3	<一场游戏一场梦>	222	-1	-1	1	-1	0	1	287	0	0	0
22647	夫妻副本称号4	<爱我你怕了么>	222	-1	-1	1	-1	0	1	288	0	0	0
22648	夫妻副本称号5	<名花有主呵呵不约>	222	-1	-1	1	-1	0	1	289	0	0	0
22649	侠义值兑换称号	<不慌，在这儿我罩你>	222	-1	-1	1	-1	0	1	291	0	0	0
22650	情人节送花榜称号-第一名	<潇洒不羁尽一生风流>	222	-1	-1	1	-1	0	1	292	0	0	0
22651	情人节送花榜称号-第二名	<对你爱爱爱不完>	222	-1	-1	1	-1	0	1	293	0	0	0
22652	情人节送花榜称号-第三名	<浪迹红尘天生情种>	222	-1	-1	1	-1	0	1	294	0	0	0
22653	情人节收花榜称号-第一名	<集万千宠爱于一身>	222	-1	-1	1	-1	0	1	295	0	0	0
22654	情人节收花榜称号-第二名	<人见人爱花见花开>	222	-1	-1	1	-1	0	1	296	0	0	0
22655	情人节收花榜称号-第三名	<被偏爱的都有恃无恐>	222	-1	-1	1	-1	0	1	297	0	0	0
22656	八荒玄火称号1	<横扫八荒>	222	-1	-1	1	-1	0	1	298	0	0	0
22657	八荒玄火称号2	<席卷六合>	222	-1	-1	1	-1	0	1	299	0	0	0
22658	八荒玄火称号3	<吞并四海>	222	-1	-1	1	-1	0	1	300	0	0	0
22659	特殊道法称号	<苍茫大地一剑尽挽破>	222	-1	-1	1	-1	0	1	301	0	0	0
23001	帮战第1名	天下第一帮大宝箱	216	0	-1	1	-1	0	1	24	0	0	0
23002	帮战第2名	帮战奖励大宝箱	216	0	-1	1	-1	0	1	25	0	0	0
23003	帮战第3~4名	帮战奖励宝箱	216	0	-1	1	-1	0	1	26	0	0	0
23004	帮战第5~8名	帮战奖励大宝盒	216	0	-1	1	-1	0	1	27	0	0	0
23005	帮战第9~16名	帮战奖励宝盒	216	0	-1	1	-1	0	1	28	0	0	0
23006	帮战第17~24名	帮战奖励小宝盒	216	0	-1	1	-1	0	1	29	0	0	0
23007	帮战第25~40名	帮战奖励宝袋	216	0	-1	1	-1	0	1	30	0	0	0
23008	帮战第40~56名	帮战奖励小宝袋	216	0	-1	1	-1	0	1	31	0	0	0
23009	首测福利礼包1	首测福利礼包	216	0	-1	1	-1	0	1	32	0	0	0
23010	首测福利礼包2	首测福利小礼包	216	0	-1	1	-1	0	1	33	0	0	0
23011	首测福利礼包3	首测福利中礼包	216	0	-1	1	-1	0	1	34	0	0	0
23012	首测福利礼包4	首测福利大礼包	216	0	-1	1	-1	0	1	35	0	0	0
23013	首测补偿礼包1	首测补偿礼包	216	0	-1	1	-1	0	1	36	0	0	0
23014	首测补偿礼包2	首测补偿小礼包	216	0	-1	1	-1	0	1	37	0	0	0
23015	首测补偿礼包3	首测补偿中礼包	216	0	-1	1	-1	0	1	38	0	0	0
23016	首测补偿礼包4	首测补偿大礼包	216	0	-1	1	-1	0	1	39	0	0	0
23017	宠物技能玉宝匣	宠物技能玉宝匣	216	0	-1	1	-1	0	1	40	0	0	0
23018	攻击技能玉宝匣	攻击技能玉宝匣	216	0	-1	1	-1	0	1	8021	0	0	0
23019	防御技能玉宝匣	防御技能玉宝匣	216	0	-1	1	-1	0	1	8022	0	0	0
23020	续航技能玉宝匣	续航技能玉宝匣	216	0	-1	1	-1	0	1	8023	0	0	0
23021	敏捷技能玉宝匣	敏捷技能玉宝匣	216	0	-1	1	-1	0	1	8024	0	0	0
23022	初级灌注符宝箱	灌注符宝盒	216	0	-1	1	-1	0	1	8031	0	0	0
23023	中级灌注符宝箱	极品灌注符宝盒	216	0	-1	1	-1	0	1	8032	0	0	0
23024	高级灌注符宝箱	神品灌注符宝盒	216	0	-1	1	-1	0	1	8033	0	0	0
23025	1级宝石礼包	宝石礼包[1级]	216	0	-1	1	-1	0	1	8001	0	0	0
23026	2级宝石礼包	宝石礼包[2级]	216	0	-1	1	-1	0	1	8002	0	0	0
23027	3级宝石礼包	宝石礼包[3级]	216	0	-1	1	-1	0	1	8003	0	0	0
23028	4级宝石礼包	宝石礼包[4级]	216	0	-1	1	-1	0	1	8004	0	0	0
23029	5级宝石礼包	宝石礼包[5级]	216	0	-1	1	-1	0	1	8005	0	0	0
23030	500000银币[勿复制此物品]	精致银币福袋	233	0	-1	1	-1	0	1	0	500000	0	0
23031	10000金币[勿复制此物品]	金币福袋	233	0	-1	1	-1	0	1	1	10000	0	0
23032	炼器小礼包	炼器小礼包	216	0	-1	1	-1	0	1	41	0	0	0
23033	炼器大礼包	炼器大礼包	216	0	-1	1	-1	0	1	42	0	0	0
23034	灵羽礼包	灵羽礼包	216	0	-1	1	-1	0	1	43	0	0	0
23035	羽皇礼包	羽皇礼包	216	0	-1	1	-1	0	1	44	0	0	0
23036	道玄真人福袋	道玄真人福袋	216	0	-1	1	-1	0	1	303	0	0	0
23037	鬼王福袋	鬼王福袋	216	0	-1	1	-1	0	1	304	0	0	0
23038	碧瑶福袋	碧瑶福袋	216	0	-1	1	-1	0	1	305	0	0	0
23039	30级伴生材料包	30级伴生材料包	216	0	-1	1	-1	0	1	53	0	0	0
23040	60级伴生材料包	60级伴生材料包	216	0	-1	1	-1	0	1	54	0	0	0
23041	90级伴生材料包	90级伴生材料包	216	0	-1	1	-1	0	1	55	0	0	0
23042	30级戒指打造包	30级戒指打造包	216	0	-1	1	-1	0	1	56	0	0	0
23043	30级护符打造包	30级护符打造包	216	0	-1	1	-1	0	1	57	0	0	0
23044	30级项链打造包	30级项链打造包	216	0	-1	1	-1	0	1	58	0	0	0
23045	30级玉佩打造包	30级玉佩打造包	216	0	-1	1	-1	0	1	59	0	0	0
23046	60级戒指打造包	60级戒指打造包	216	0	-1	1	-1	0	1	60	0	0	0
23047	60级护符打造包	60级护符打造包	216	0	-1	1	-1	0	1	61	0	0	0
23048	60级项链打造包	60级项链打造包	216	0	-1	1	-1	0	1	62	0	0	0
23049	60级玉佩打造包	60级玉佩打造包	216	0	-1	1	-1	0	1	63	0	0	0
23050	90级戒指打造包	90级戒指打造包	216	0	-1	1	-1	0	1	64	0	0	0
23051	90级护符打造包	90级护符打造包	216	0	-1	1	-1	0	1	65	0	0	0
23052	90级项链打造包	90级项链打造包	216	0	-1	1	-1	0	1	66	0	0	0
23053	90级玉佩打造包	90级玉佩打造包	216	0	-1	1	-1	0	1	67	0	0	0
23054	等级礼包-20级礼包	20级礼包	216	0	-1	1	-1	0	1	68	0	0	0
23055	等级礼包-30级礼包	30级礼包	216	0	-1	1	-1	0	1	69	0	0	0
23056	等级礼包-35级礼包	35级礼包	216	0	-1	1	-1	0	1	70	0	0	0
23057	等级礼包-40级礼包	40级礼包	216	0	-1	1	-1	0	1	71	0	0	0
23058	等级礼包-45级礼包	45级礼包	216	0	-1	1	-1	0	1	72	0	0	0
23059	等级礼包-50级礼包	50级礼包	216	0	-1	1	-1	0	1	73	0	0	0
23060	等级礼包-55级礼包	55级礼包	216	0	-1	1	-1	0	1	74	0	0	0
23061	等级礼包-60级礼包	60级礼包	216	0	-1	1	-1	0	1	75	0	0	0
23062	等级礼包-65级礼包	65级礼包	216	0	-1	1	-1	0	1	76	0	0	0
23063	等级礼包-70级礼包	70级礼包	216	0	-1	1	-1	0	1	77	0	0	0
23064	等级礼包-75级礼包	75级礼包	216	0	-1	1	-1	0	1	78	0	0	0
23065	等级礼包-80级礼包	80级礼包	216	0	-1	1	-1	0	1	79	0	0	0
23066	等级礼包-85级礼包	85级礼包	216	0	-1	1	-1	0	1	80	0	0	0
23067	等级礼包-90级礼包	90级礼包	216	0	-1	1	-1	0	1	81	0	0	0
23068	等级礼包-95级礼包	95级礼包	216	0	-1	1	-1	0	1	82	0	0	0
23069	等级礼包-100级礼包	100级礼包	216	0	-1	1	-1	0	1	83	0	0	0
23070	等级礼包-105级礼包	105级礼包	216	0	-1	1	-1	0	1	84	0	0	0
23071	等级礼包-110级礼包	110级礼包	216	0	-1	1	-1	0	1	85	0	0	0
23072	等级礼包-115级礼包	115级礼包	216	0	-1	1	-1	0	1	86	0	0	0
23073	等级礼包-120级礼包	120级礼包	216	0	-1	1	-1	0	1	87	0	0	0
23074	等级礼包-125级礼包	125级礼包	216	0	-1	1	-1	0	1	88	0	0	0
23075	等级礼包-130级礼包	130级礼包	216	0	-1	1	-1	0	1	89	0	0	0
23076	等级礼包-135级礼包	135级礼包	216	0	-1	1	-1	0	1	90	0	0	0
23077	等级礼包-140级礼包	140级礼包	216	0	-1	1	-1	0	1	91	0	0	0
23078	等级礼包-145级礼包	145级礼包	216	0	-1	1	-1	0	1	92	0	0	0
23079	等级礼包-150级礼包	150级礼包	216	0	-1	1	-1	0	1	93	0	0	0
23080	帮会彩蛋宵小聚宝盆	帮派小宝箱	216	0	-1	1	-1	0	1	97	0	0	0
23081	帮会大宵小聚宝盆	帮派大宝箱	216	0	-1	1	-1	0	1	98	0	0	0
23082	妖兽突袭队长奖励	队长奖励礼包	216	0	-1	1	-1	0	1	106	0	0	0
23083	云渺时装宝箱	云渺时装宝箱	216	0	-1	1	-1	0	1	107	0	0	0
23084	千机时装宝箱	千机时装宝箱	216	0	-1	1	-1	0	1	108	0	0	0
23085	500000银币[勿复制此物品]	银币福袋	233	0	-1	1	-1	0	1	0	500000	0	0
23086	超值特惠礼包	超值特惠礼包	216	0	-1	1	-1	0	1	115	0	0	0
23087	1级宝石礼包	1级宝石礼包	216	0	-1	1	-1	0	1	116	0	0	0
23088	2级宝石礼包	2级宝石礼包	216	0	-1	1	-1	0	1	117	0	0	0
23089	灌注转化符礼包	灌注转化符礼包	216	0	-1	1	-1	0	1	118	0	0	0
23090	宝石转化符礼包	宝石转化符礼包	216	0	-1	1	-1	0	1	119	0	0	0
23091	真仙合成符锦囊·青云	真仙合成符·青云	216	0	-1	1	-1	0	1	141	0	0	0
23092	真仙合成符锦囊·天音	真仙合成符·天音	216	0	-1	1	-1	0	1	142	0	0	0
23093	真仙合成符锦囊·鬼王	真仙合成符·鬼王	216	0	-1	1	-1	0	1	143	0	0	0
23094	真仙合成符锦囊·合欢	真仙合成符·合欢	216	0	-1	1	-1	0	1	144	0	0	0
23099	真仙碎片宝箱（绑定）	真仙碎片宝箱	216	0	-1	1	-1	0	1	94	0	0	0
23100	真仙碎片宝箱	真仙碎片宝箱	216	0	-1	1	-1	0	1	94	0	0	0
23101	V1限购礼包	V1限购礼包	216	0	-1	1	-1	0	1	124	0	0	0
23102	V3限购礼包	V3限购礼包	216	0	-1	1	-1	0	1	125	0	0	0
23103	V5限购礼包	V5限购礼包	216	0	-1	1	-1	0	1	126	0	0	0
23104	V7限购礼包	V7限购礼包	216	0	-1	1	-1	0	1	127	0	0	0
23105	V9限购礼包	V9限购礼包	216	0	-1	1	-1	0	1	128	0	0	0
23106	内测精英礼包	内测精英礼包	216	0	-1	1	-1	0	1	145	0	0	0
23107	优酷专属礼包	优酷专属礼包	216	0	-1	1	-1	0	1	147	0	0	0
23108	VIP见面礼	VIP见面礼	216	0	-1	1	-1	0	1	148	0	0	0
23109	VIP节庆礼包	VIP节庆礼包	216	0	-1	1	-1	0	1	149	0	0	0
23110	完美尊享礼包	完美尊享礼包	216	0	-1	1	-1	0	1	150	0	0	0
23111	完美豪华炼器礼包	完美豪华炼器礼包	216	0	-1	1	-1	0	1	151	0	0	0
23112	完美至尊礼包	完美至尊礼包	216	0	-1	1	-1	0	1	152	0	0	0
23113	灵尘福袋	灵尘福袋	216	0	-1	1	-1	0	1	159	0	0	0
23114	尊享礼包	尊享礼包	216	0	-1	1	-1	0	1	160	0	0	0
23115	豪华礼包	豪华礼包	216	0	-1	1	-1	0	1	161	0	0	0
23116	至尊礼包	至尊礼包	216	0	-1	1	-1	0	1	162	0	0	0
23117	开学礼包	开学礼包	216	0	-1	1	-1	0	1	163	0	0	0
23118	兽神之叹队长奖励	队长奖励礼包	216	0	-1	1	-1	0	1	170	0	0	0
23119	vip奖励	炼器礼包	216	0	-1	1	-1	0	1	171	0	0	0
23120	vip奖励	神品宝石礼包	216	0	-1	1	-1	0	1	172	0	0	0
23121	田不易福袋	田不易福袋	216	0	-1	1	-1	0	1	175	0	0	0
23122	周一仙福袋	周一仙福袋	216	0	-1	1	-1	0	1	177	0	0	0
23123	玉兔坐骑福袋	玉兔·坐骑福袋	216	0	-1	1	-1	0	1	179	0	0	0
23124	活跃度宝箱1	20活跃度宝箱	216	0	-1	1	-1	0	1	181	0	0	0
23125	活跃度宝箱2	40活跃度宝箱	216	0	-1	1	-1	0	1	183	0	0	0
23126	活跃度宝箱3	60活跃度宝箱	216	0	-1	1	-1	0	1	185	0	0	0
23127	活跃度宝箱4	80活跃度宝箱	216	0	-1	1	-1	0	1	187	0	0	0
23128	活跃度宝箱5	100活跃度宝箱	216	0	-1	1	-1	0	1	189	0	0	0
23129	活跃度宝箱6	120活跃度宝箱	216	0	-1	1	-1	0	1	191	0	0	0
23130	活跃度宝箱7	140活跃度宝箱	216	0	-1	1	-1	0	1	193	0	0	0
23131	欢庆宝箱	欢庆宝箱	216	0	-1	1	-1	0	1	195	0	0	0
23132	烛龙之怒-阵灵碎片包	烛龙秘藏阵灵	216	0	-1	1	-1	0	1	197	0	0	0
23133	烛龙之怒-采集奖励包	烛龙精魂	216	0	-1	1	-1	0	1	198	0	0	0
23134	烛龙之怒-最后一击包	烛龙之叹息	216	0	-1	1	-1	0	1	199	0	0	0
23135	烛龙之怒-连续最后一击包	烛龙之叹息	216	0	-1	1	-1	0	1	200	0	0	0
23136	烛龙之怒-个人排名奖1	烛龙秘藏	216	0	-1	1	-1	0	1	201	0	0	0
23137	烛龙之怒-个人排名奖2	烛龙秘藏	216	0	-1	1	-1	0	1	202	0	0	0
23138	烛龙之怒-个人排名奖3	烛龙秘藏	216	0	-1	1	-1	0	1	203	0	0	0
23139	烛龙之怒-个人排名奖4	烛龙秘藏	216	0	-1	1	-1	0	1	204	0	0	0
23140	烛龙之怒-个人排名奖5	烛龙秘藏	216	0	-1	1	-1	0	1	205	0	0	0
23141	烛龙之怒-个人排名奖6	烛龙秘藏	216	0	-1	1	-1	0	1	206	0	0	0
23142	烛龙之怒-个人排名奖7	烛龙秘藏	216	0	-1	1	-1	0	1	207	0	0	0
23143	烛龙之怒-个人排名奖8	烛龙秘藏	216	0	-1	1	-1	0	1	208	0	0	0
23144	美满中秋福袋	美满中秋福袋	216	0	-1	1	-1	0	1	209	0	0	0
23145	完美豪华法宝礼包	完美豪华法宝礼包	216	0	-1	1	-1	0	1	217	0	0	0
23146	完美豪华灌注礼包	完美豪华灌注礼包	216	0	-1	1	-1	0	1	218	0	0	0
23147	神武天极塔队长奖励	队长奖励礼包	216	0	-1	1	-1	0	1	219	0	0	0
23148	烛龙之怒-宠物道具包	宠物宝藏	216	0	-1	1	-1	0	1	220	0	0	0
23149	烛龙之怒-炼器道具包1	炼器宝藏	216	0	-1	1	-1	0	1	221	1	0	0
23150	烛龙之怒-炼器道具包2	炼器宝藏	216	0	-1	1	-1	0	1	222	1	0	0
23151	烛龙之怒-炼器道具包3	炼器宝藏	216	0	-1	1	-1	0	1	223	1	0	0
23152	烛龙之怒-炼器道具包4	炼器宝藏	216	0	-1	1	-1	0	1	224	1	0	0
23153	烛龙之怒-炼器道具包5	炼器宝藏	216	0	-1	1	-1	0	1	225	1	0	0
23154	烛龙之怒-炼器道具包6	炼器宝藏	216	0	-1	1	-1	0	1	226	1	0	0
23155	烛龙之怒-炼器道具包7	炼器宝藏	216	0	-1	1	-1	0	1	227	1	0	0
23156	烛龙之怒-炼器道具包8	炼器宝藏	216	0	-1	1	-1	0	1	228	1	0	0
23157	烛龙之怒-炼器道具包9	炼器宝藏	216	0	-1	1	-1	0	1	229	1	0	0
23158	烛龙之怒-炼器道具包10	炼器宝藏	216	0	-1	1	-1	0	1	230	1	0	0
23159	国庆活跃度宝箱1	20活跃度宝箱	216	0	-1	1	-1	0	1	232	0	0	0
23160	国庆活跃度宝箱2	40活跃度宝箱	216	0	-1	1	-1	0	1	234	0	0	0
23161	国庆活跃度宝箱3	60活跃度宝箱	216	0	-1	1	-1	0	1	236	0	0	0
23162	国庆活跃度宝箱4	80活跃度宝箱	216	0	-1	1	-1	0	1	238	0	0	0
23163	国庆活跃度宝箱5	100活跃度宝箱	216	0	-1	1	-1	0	1	240	0	0	0
23164	国庆活跃度宝箱6	120活跃度宝箱	216	0	-1	1	-1	0	1	242	0	0	0
23165	国庆活跃度宝箱7	140活跃度宝箱	216	0	-1	1	-1	0	1	244	0	0	0
23166	手机号复验奖励	复验手机奖励宝箱	216	0	-1	1	-1	0	1	246	0	0	0
23167	财源滚滚福袋	财源滚滚福袋	216	0	-1	1	-1	0	1	247	0	0	0
23168	喜从天降礼包	喜从天降礼包	216	0	-1	1	-1	0	1	251	0	0	0
23169	普德福袋	普德福袋	216	0	-1	1	-1	0	1	252	0	0	0
23170	玉阳子福袋	玉阳子福袋	216	0	-1	1	-1	0	1	254	0	0	0
23171	玉阳子福袋（活动）	玉阳子福袋	216	0	-1	1	-1	0	1	256	0	0	0
23172	周一登陆礼包	周一登陆礼包	216	0	-1	1	-1	0	1	258	0	0	0
23173	万圣节礼包	万圣节礼包	216	0	-1	1	-1	0	1	259	0	0	0
23174	金玉满堂福袋	金玉满堂福袋	216	0	-1	1	-1	0	1	267	0	0	0
23175	活跃度宝箱1	20活跃度宝箱	216	0	-1	1	-1	0	1	271	0	0	0
23176	活跃度宝箱2	40活跃度宝箱	216	0	-1	1	-1	0	1	273	0	0	0
23177	活跃度宝箱3	60活跃度宝箱	216	0	-1	1	-1	0	1	275	0	0	0
23178	活跃度宝箱4	80活跃度宝箱	216	0	-1	1	-1	0	1	277	0	0	0
23179	活跃度宝箱5	100活跃度宝箱	216	0	-1	1	-1	0	1	279	0	0	0
23180	活跃度宝箱6	120活跃度宝箱	216	0	-1	1	-1	0	1	281	0	0	0
23181	活跃度宝箱7	140活跃度宝箱	216	0	-1	1	-1	0	1	283	0	0	0
23182	10元气	元气福袋	216	0	-1	1	-1	0	1	285	0	0	0
23183	普通星魂	星魂袋	216	0	-1	1	-1	0	1	291	0	0	0
23184	包含经验星魂	神秘星魂袋	216	0	-1	1	-1	0	1	292	0	0	0
23185	万剑一福袋	万剑一福袋	216	0	-1	1	-1	0	1	315	0	0	0
23186	极品完璧符礼盒	极品完璧符礼盒	216	0	-1	1	-1	0	1	319	0	0	0
23187	神品完璧符礼盒	神品完璧符礼盒	216	0	-1	1	-1	0	1	320	0	0	0
23188	吉星符礼盒	吉星符礼盒	216	0	-1	1	-1	0	1	321	0	0	0
22415	帮会称号查看道具	帮派追查令	243	0	-1	1	-1	0	1	30	0	0	0
23189	双旦活动-祈福宝箱	祈福宝箱	216	0	-1	1	-1	0	1	324	0	0	0
23190	双旦活动-元旦宝箱1	元旦宝箱	216	0	-1	1	-1	0	1	322	0	0	0
23191	双旦活动-元旦宝箱2	元旦宝箱	216	0	-1	1	-1	0	1	322	0	0	0
23192	双旦活动-元旦宝箱3	元旦宝箱	216	0	-1	1	-1	0	1	322	0	0	0
23193	双旦活动-元旦宝箱4	元旦宝箱	216	0	-1	1	-1	0	1	322	0	0	0
23194	双旦活动-元旦宝箱5	元旦宝箱	216	0	-1	1	-1	0	1	322	0	0	0
23195	双旦活动-元旦宝箱6	元旦宝箱	216	0	-1	1	-1	0	1	322	0	0	0
23196	双旦活动-元旦宝箱7	元旦宝箱	216	0	-1	1	-1	0	1	322	0	0	0
23197	双旦活动-元旦宝箱8	元旦宝箱	216	0	-1	1	-1	0	1	322	0	0	0
23198	双旦活动-元旦宝箱9	元旦宝箱	216	0	-1	1	-1	0	1	322	0	0	0
23199	双旦活动-炼血堂宝箱	炼血堂宝箱	216	0	-1	1	-1	0	1	326	0	0	0
23200	烟花榜第1名奖励	烟花榜排名礼包	216	0	-1	1	-1	0	1	331	0	0	0
23201	烟花榜第2名奖励	烟花榜排名礼包	216	0	-1	1	-1	0	1	332	0	0	0
23202	烟花榜第3名奖励	烟花榜排名礼包	216	0	-1	1	-1	0	1	333	0	0	0
23203	烟花榜第4-5名奖励	烟花榜排名礼包	216	0	-1	1	-1	0	1	334	0	0	0
23204	烟花榜第6-10名奖励	烟花榜排名礼包	216	0	-1	1	-1	0	1	335	0	0	0
23205	烟花榜第11-20名奖励	烟花榜排名礼包	216	0	-1	1	-1	0	1	336	0	0	0
23206	烟花榜第21-50名奖励	烟花榜排名礼包	216	0	-1	1	-1	0	1	337	0	0	0
23207	烟花榜第51-100名奖励	烟花榜排名礼包	216	0	-1	1	-1	0	1	338	0	0	0
23208	烟花榜666积分奖励	烟花榜积分礼包	216	0	-1	1	-1	0	1	339	0	0	0
23209	烟花榜1666积分奖励	烟花榜积分礼包	216	0	-1	1	-1	0	1	340	0	0	0
23210	烟花榜2888积分奖励	烟花榜积分礼包	216	0	-1	1	-1	0	1	341	0	0	0
23211	烟花榜4888积分奖励	烟花榜积分礼包	216	0	-1	1	-1	0	1	342	0	0	0
23212	烟花榜8888积分奖励	烟花榜积分礼包	216	0	-1	1	-1	0	1	343	0	0	0
23221	帮战第1名	天下第一帮大宝箱	216	0	-1	1	-1	0	1	344	0	0	0
23222	帮战第2名	帮战奖励大宝箱	216	0	-1	1	-1	0	1	345	0	0	0
23223	帮战第3~4名	帮战奖励宝箱	216	0	-1	1	-1	0	1	346	0	0	0
23224	帮战第5~8名	帮战奖励大宝盒	216	0	-1	1	-1	0	1	347	0	0	0
23225	帮战第9~16名	帮战奖励宝盒	216	0	-1	1	-1	0	1	348	0	0	0
23226	帮战第17~24名	帮战奖励小宝盒	216	0	-1	1	-1	0	1	349	0	0	0
23227	帮战第25~40名	帮战奖励宝袋	216	0	-1	1	-1	0	1	350	0	0	0
23228	帮战第40~56名	帮战奖励小宝袋	216	0	-1	1	-1	0	1	351	0	0	0
23229	王者争锋福袋	王者争锋福袋	216	0	-1	1	-1	0	1	356	0	0	0
23230	等级礼包-飞升60级	飞升60级礼包	216	0	-1	1	-1	0	1	363	0	0	0
23231	等级礼包-飞升65级	飞升65级礼包	216	0	-1	1	-1	0	1	364	0	0	0
23232	等级礼包-飞升70级	飞升70级礼包	216	0	-1	1	-1	0	1	365	0	0	0
23233	等级礼包-飞升75级	飞升75级礼包	216	0	-1	1	-1	0	1	366	0	0	0
23234	等级礼包-飞升80级	飞升80级礼包	216	0	-1	1	-1	0	1	367	0	0	0
23235	等级礼包-飞升85级	飞升85级礼包	216	0	-1	1	-1	0	1	368	0	0	0
23236	等级礼包-飞升90级	飞升90级礼包	216	0	-1	1	-1	0	1	369	0	0	0
23237	等级礼包-飞升95级	飞升95级礼包	216	0	-1	1	-1	0	1	370	0	0	0
23238	等级礼包-飞升100级	飞升100级礼包	216	0	-1	1	-1	0	1	371	0	0	0
23239	等级礼包-飞升105级	飞升105级礼包	216	0	-1	1	-1	0	1	372	0	0	0
23240	等级礼包-飞升110级	飞升110级礼包	216	0	-1	1	-1	0	1	373	0	0	0
23241	等级礼包-飞升115级	飞升115级礼包	216	0	-1	1	-1	0	1	374	0	0	0
23242	等级礼包-飞升120级	飞升120级礼包	216	0	-1	1	-1	0	1	375	0	0	0
23243	等级礼包-飞升125级	飞升125级礼包	216	0	-1	1	-1	0	1	376	0	0	0
23244	等级礼包-飞升130级	飞升130级礼包	216	0	-1	1	-1	0	1	377	0	0	0
23245	等级礼包-飞升135级	飞升135级礼包	216	0	-1	1	-1	0	1	378	0	0	0
23246	等级礼包-飞升140级	飞升140级礼包	216	0	-1	1	-1	0	1	379	0	0	0
23247	等级礼包-飞升145级	飞升145级礼包	216	0	-1	1	-1	0	1	380	0	0	0
23248	等级礼包-飞升150级	飞升150级礼包	216	0	-1	1	-1	0	1	381	0	0	0
23249	等级礼包-飞升155级	飞升155级礼包	216	0	-1	1	-1	0	1	382	0	0	0
23250	等级礼包-飞升160级	飞升160级礼包	216	0	-1	1	-1	0	1	383	0	0	0
23251	等级礼包-飞升80级戒指打造包	飞升80级戒指打造包	216	0	-1	1	-1	0	1	384	0	0	0
23252	等级礼包-飞升80级项链打造包	飞升80级项链打造包	216	0	-1	1	-1	0	1	385	0	0	0
23253	等级礼包-飞升制造伴生材料包	制造伴生材料包	216	0	-1	1	-1	0	1	386	0	0	0
23254	荣耀王者宝箱	荣耀王者宝箱	216	0	-1	1	-1	0	1	387	0	0	0
23255	至尊王者宝箱	至尊王者宝箱	216	0	-1	1	-1	0	1	389	0	0	0
23256	巅峰王者宝箱	巅峰王者宝箱	216	0	-1	1	-1	0	1	391	0	0	0
23257	活跃度宝箱1	20活跃度宝箱	216	0	-1	1	-1	0	1	395	0	0	0
23258	活跃度宝箱2	40活跃度宝箱	216	0	-1	1	-1	0	1	397	0	0	0
23259	活跃度宝箱3	60活跃度宝箱	216	0	-1	1	-1	0	1	399	0	0	0
23260	活跃度宝箱4	80活跃度宝箱	216	0	-1	1	-1	0	1	401	0	0	0
23261	活跃度宝箱5	100活跃度宝箱	216	0	-1	1	-1	0	1	403	0	0	0
23262	活跃度宝箱6	120活跃度宝箱	216	0	-1	1	-1	0	1	405	0	0	0
23263	活跃度宝箱7	140活跃度宝箱	216	0	-1	1	-1	0	1	407	0	0	0
23264	飞升真仙碎片宝箱（绑定）	飞升真仙碎片箱	216	0	-1	1	-1	0	1	415	0	0	0
23265	飞升真仙碎片宝箱	飞升真仙碎片箱	216	0	-1	1	-1	0	1	415	0	0	0
23266	八凶玄火-采集奖励包	八凶玄真火	216	0	-1	1	-1	0	1	422	0	0	0
23267	八凶玄火-最后一击包	八凶玄火灰烬	216	0	-1	1	-1	0	1	423	0	0	0
23268	情人节礼包	情人节礼包	216	0	-1	1	-1	0	1	417	0	0	0
23269	八凶玄火-阵灵碎片包	八凶秘藏阵灵	216	0	-1	1	-1	0	1	421	0	0	0
23270	八凶玄火-个人排名奖1	八凶秘藏	216	0	-1	1	-1	0	1	424	0	0	0
23271	八凶玄火-个人排名奖2	八凶秘藏	216	0	-1	1	-1	0	1	425	0	0	0
23272	八凶玄火-个人排名奖3	八凶秘藏	216	0	-1	1	-1	0	1	426	0	0	0
23273	八凶玄火-个人排名奖4	八凶秘藏	216	0	-1	1	-1	0	1	427	0	0	0
23274	八凶玄火-个人排名奖5	八凶秘藏	216	0	-1	1	-1	0	1	428	0	0	0
23275	八凶玄火-个人排名奖6	八凶秘藏	216	0	-1	1	-1	0	1	429	0	0	0
23276	八凶玄火-个人排名奖7	八凶秘藏	216	0	-1	1	-1	0	1	430	0	0	0
23277	八凶玄火-个人排名奖8	八凶秘藏	216	0	-1	1	-1	0	1	431	0	0	0
23278	单人豪气榜第1名	个人豪气榜奖励	216	0	-1	1	-1	0	1	432	0	0	0
23279	单人豪气榜第2名	个人豪气榜奖励	216	0	-1	1	-1	0	1	433	0	0	0
23280	单人豪气榜第3名	个人豪气榜奖励	216	0	-1	1	-1	0	1	434	0	0	0
23281	单人豪气榜第4~5名	个人豪气榜奖励	216	0	-1	1	-1	0	1	435	0	0	0
23282	单人豪气榜第6~10名	个人豪气榜奖励	216	0	-1	1	-1	0	1	436	0	0	0
23283	单人豪气榜第11~20名	个人豪气榜奖励	216	0	-1	1	-1	0	1	437	0	0	0
23284	单人豪气榜第21~50名	个人豪气榜奖励	216	0	-1	1	-1	0	1	438	0	0	0
23285	单人豪气榜第51~100名	个人豪气榜奖励	216	0	-1	1	-1	0	1	439	0	0	0
23286	帮派豪气榜第1名	帮派豪气榜奖励	216	0	-1	1	-1	0	1	440	0	0	0
23287	帮派豪气榜第2名	帮派豪气榜奖励	216	0	-1	1	-1	0	1	441	0	0	0
23288	帮派豪气榜第3~4名	帮派豪气榜奖励	216	0	-1	1	-1	0	1	442	0	0	0
23289	帮派豪气榜第5~8名	帮派豪气榜奖励	216	0	-1	1	-1	0	1	443	0	0	0
23290	帮派豪气榜第9~16名	帮派豪气榜奖励	216	0	-1	1	-1	0	1	444	0	0	0
23291	道具找回免费（活跃70）等级50	盈福回归礼包壹	216	0	-1	1	-1	0	1	606	0	0	0
23292	道具找回免费（活跃70）等级60	盈福回归礼包壹	216	0	-1	1	-1	0	1	607	0	0	0
23293	道具找回免费（活跃70）等级70	盈福回归礼包壹	216	0	-1	1	-1	0	1	608	0	0	0
23294	道具找回免费（活跃70）等级80	盈福回归礼包壹	216	0	-1	1	-1	0	1	609	0	0	0
23295	道具找回免费（活跃70）等级90	盈福回归礼包壹	216	0	-1	1	-1	0	1	610	0	0	0
23296	道具找回免费（活跃70）等级100	盈福回归礼包壹	216	0	-1	1	-1	0	1	611	0	0	0
23297	道具找回免费（活跃70）等级110	盈福回归礼包壹	216	0	-1	1	-1	0	1	612	0	0	0
23298	道具找回免费（活跃70）等级120	盈福回归礼包壹	216	0	-1	1	-1	0	1	613	0	0	0
23299	道具找回免费（活跃70）等级130	盈福回归礼包壹	216	0	-1	1	-1	0	1	614	0	0	0
23300	道具找回免费（活跃70）等级140	盈福回归礼包壹	216	0	-1	1	-1	0	1	615	0	0	0
23301	道具找回免费（活跃70）等级150	盈福回归礼包壹	216	0	-1	1	-1	0	1	616	0	0	0
23302	道具找回免费（活跃70）等级160	盈福回归礼包壹	216	0	-1	1	-1	0	1	617	0	0	0
23303	道具找回免费（活跃70）等级170	盈福回归礼包壹	216	0	-1	1	-1	0	1	618	0	0	0
23304	道具找回免费（活跃70）等级180	盈福回归礼包壹	216	0	-1	1	-1	0	1	619	0	0	0
23305	道具找回免费（活跃70）等级190	盈福回归礼包壹	216	0	-1	1	-1	0	1	620	0	0	0
23306	道具找回免费（活跃70）等级200	盈福回归礼包壹	216	0	-1	1	-1	0	1	621	0	0	0
23307	道具找回免费（活跃70）等级210	盈福回归礼包壹	216	0	-1	1	-1	0	1	622	0	0	0
23308	道具找回免费（活跃70）等级220	盈福回归礼包壹	216	0	-1	1	-1	0	1	623	0	0	0
23309	道具找回免费（活跃70）等级230	盈福回归礼包壹	216	0	-1	1	-1	0	1	624	0	0	0
23310	道具找回免费（活跃70）等级240	盈福回归礼包壹	216	0	-1	1	-1	0	1	625	0	0	0
23311	道具找回免费（活跃70）等级250	盈福回归礼包壹	216	0	-1	1	-1	0	1	626	0	0	0
23312	道具找回免费（活跃140）等级50	盈福回归礼包贰	216	0	-1	1	-1	0	1	627	0	0	0
23313	道具找回免费（活跃140）等级60	盈福回归礼包贰	216	0	-1	1	-1	0	1	628	0	0	0
23314	道具找回免费（活跃140）等级70	盈福回归礼包贰	216	0	-1	1	-1	0	1	629	0	0	0
23315	道具找回免费（活跃140）等级80	盈福回归礼包贰	216	0	-1	1	-1	0	1	630	0	0	0
23316	道具找回免费（活跃140）等级90	盈福回归礼包贰	216	0	-1	1	-1	0	1	631	0	0	0
23317	道具找回免费（活跃140）等级100	盈福回归礼包贰	216	0	-1	1	-1	0	1	632	0	0	0
23318	道具找回免费（活跃140）等级110	盈福回归礼包贰	216	0	-1	1	-1	0	1	633	0	0	0
23319	道具找回免费（活跃140）等级120	盈福回归礼包贰	216	0	-1	1	-1	0	1	634	0	0	0
23320	道具找回免费（活跃140）等级130	盈福回归礼包贰	216	0	-1	1	-1	0	1	635	0	0	0
23321	道具找回免费（活跃140）等级140	盈福回归礼包贰	216	0	-1	1	-1	0	1	636	0	0	0
23322	道具找回免费（活跃140）等级150	盈福回归礼包贰	216	0	-1	1	-1	0	1	637	0	0	0
23323	道具找回免费（活跃140）等级160	盈福回归礼包贰	216	0	-1	1	-1	0	1	638	0	0	0
23324	道具找回免费（活跃140）等级170	盈福回归礼包贰	216	0	-1	1	-1	0	1	639	0	0	0
23325	道具找回免费（活跃140）等级180	盈福回归礼包贰	216	0	-1	1	-1	0	1	640	0	0	0
23326	道具找回免费（活跃140）等级190	盈福回归礼包贰	216	0	-1	1	-1	0	1	641	0	0	0
23327	道具找回免费（活跃140）等级200	盈福回归礼包贰	216	0	-1	1	-1	0	1	642	0	0	0
23328	道具找回免费（活跃140）等级210	盈福回归礼包贰	216	0	-1	1	-1	0	1	643	0	0	0
23329	道具找回免费（活跃140）等级220	盈福回归礼包贰	216	0	-1	1	-1	0	1	644	0	0	0
23330	道具找回免费（活跃140）等级230	盈福回归礼包贰	216	0	-1	1	-1	0	1	645	0	0	0
23331	道具找回免费（活跃140）等级240	盈福回归礼包贰	216	0	-1	1	-1	0	1	646	0	0	0
23332	道具找回免费（活跃140）等级250	盈福回归礼包贰	216	0	-1	1	-1	0	1	647	0	0	0
23333	道具找回元宝（活跃70）等级50	精品盈福回归礼包壹	216	0	-1	1	-1	0	1	648	0	0	0
23334	道具找回元宝（活跃70）等级60	精品盈福回归礼包壹	216	0	-1	1	-1	0	1	649	0	0	0
23335	道具找回元宝（活跃70）等级70	精品盈福回归礼包壹	216	0	-1	1	-1	0	1	650	0	0	0
23336	道具找回元宝（活跃70）等级80	精品盈福回归礼包壹	216	0	-1	1	-1	0	1	651	0	0	0
23337	道具找回元宝（活跃70）等级90	精品盈福回归礼包壹	216	0	-1	1	-1	0	1	652	0	0	0
23338	道具找回元宝（活跃70）等级100	精品盈福回归礼包壹	216	0	-1	1	-1	0	1	653	0	0	0
23339	道具找回元宝（活跃70）等级110	精品盈福回归礼包壹	216	0	-1	1	-1	0	1	654	0	0	0
23340	道具找回元宝（活跃70）等级120	精品盈福回归礼包壹	216	0	-1	1	-1	0	1	655	0	0	0
23341	道具找回元宝（活跃70）等级130	精品盈福回归礼包壹	216	0	-1	1	-1	0	1	656	0	0	0
23342	道具找回元宝（活跃70）等级140	精品盈福回归礼包壹	216	0	-1	1	-1	0	1	657	0	0	0
23343	道具找回元宝（活跃70）等级150	精品盈福回归礼包壹	216	0	-1	1	-1	0	1	658	0	0	0
23344	道具找回元宝（活跃70）等级160	精品盈福回归礼包壹	216	0	-1	1	-1	0	1	659	0	0	0
23345	道具找回元宝（活跃70）等级170	精品盈福回归礼包壹	216	0	-1	1	-1	0	1	660	0	0	0
23346	道具找回元宝（活跃70）等级180	精品盈福回归礼包壹	216	0	-1	1	-1	0	1	661	0	0	0
23347	道具找回元宝（活跃70）等级190	精品盈福回归礼包壹	216	0	-1	1	-1	0	1	662	0	0	0
23348	道具找回元宝（活跃70）等级200	精品盈福回归礼包壹	216	0	-1	1	-1	0	1	663	0	0	0
23349	道具找回元宝（活跃70）等级210	精品盈福回归礼包壹	216	0	-1	1	-1	0	1	664	0	0	0
23350	道具找回元宝（活跃70）等级220	精品盈福回归礼包壹	216	0	-1	1	-1	0	1	665	0	0	0
23351	道具找回元宝（活跃70）等级230	精品盈福回归礼包壹	216	0	-1	1	-1	0	1	666	0	0	0
23352	道具找回元宝（活跃70）等级240	精品盈福回归礼包壹	216	0	-1	1	-1	0	1	667	0	0	0
23353	道具找回元宝（活跃70）等级250	精品盈福回归礼包壹	216	0	-1	1	-1	0	1	668	0	0	0
23354	道具找回元宝（活跃140）等级50	精品盈福回归礼包贰	216	0	-1	1	-1	0	1	669	0	0	0
23355	道具找回元宝（活跃140）等级60	精品盈福回归礼包贰	216	0	-1	1	-1	0	1	670	0	0	0
23356	道具找回元宝（活跃140）等级70	精品盈福回归礼包贰	216	0	-1	1	-1	0	1	671	0	0	0
23357	道具找回元宝（活跃140）等级80	精品盈福回归礼包贰	216	0	-1	1	-1	0	1	672	0	0	0
23358	道具找回元宝（活跃140）等级90	精品盈福回归礼包贰	216	0	-1	1	-1	0	1	673	0	0	0
23359	道具找回元宝（活跃140）等级100	精品盈福回归礼包贰	216	0	-1	1	-1	0	1	674	0	0	0
23360	道具找回元宝（活跃140）等级110	精品盈福回归礼包贰	216	0	-1	1	-1	0	1	675	0	0	0
23361	道具找回元宝（活跃140）等级120	精品盈福回归礼包贰	216	0	-1	1	-1	0	1	676	0	0	0
23362	道具找回元宝（活跃140）等级130	精品盈福回归礼包贰	216	0	-1	1	-1	0	1	677	0	0	0
23363	道具找回元宝（活跃140）等级140	精品盈福回归礼包贰	216	0	-1	1	-1	0	1	678	0	0	0
23364	道具找回元宝（活跃140）等级150	精品盈福回归礼包贰	216	0	-1	1	-1	0	1	679	0	0	0
23365	道具找回元宝（活跃140）等级160	精品盈福回归礼包贰	216	0	-1	1	-1	0	1	680	0	0	0
23366	道具找回元宝（活跃140）等级170	精品盈福回归礼包贰	216	0	-1	1	-1	0	1	681	0	0	0
23367	道具找回元宝（活跃140）等级180	精品盈福回归礼包贰	216	0	-1	1	-1	0	1	682	0	0	0
23368	道具找回元宝（活跃140）等级190	精品盈福回归礼包贰	216	0	-1	1	-1	0	1	683	0	0	0
23369	道具找回元宝（活跃140）等级200	精品盈福回归礼包贰	216	0	-1	1	-1	0	1	684	0	0	0
23370	道具找回元宝（活跃140）等级210	精品盈福回归礼包贰	216	0	-1	1	-1	0	1	685	0	0	0
23371	道具找回元宝（活跃140）等级220	精品盈福回归礼包贰	216	0	-1	1	-1	0	1	686	0	0	0
23372	道具找回元宝（活跃140）等级230	精品盈福回归礼包贰	216	0	-1	1	-1	0	1	687	0	0	0
23373	道具找回元宝（活跃140）等级240	精品盈福回归礼包贰	216	0	-1	1	-1	0	1	688	0	0	0
23374	道具找回元宝（活跃140）等级250	精品盈福回归礼包贰	216	0	-1	1	-1	0	1	689	0	0	0
23375	染缸宝箱	染缸宝箱	216	0	-1	1	-1	0	1	692	0	0	0
23376	新春炼器礼包	新春炼器礼包	216	0	-1	1	-1	0	1	695	0	0	0
23377	新春雕琢礼包	新春雕琢礼包	216	0	-1	1	-1	0	1	696	0	0	0
23378	八卦石豪血绑定	八卦石豪血礼包	216	0	-1	1	-1	0	1	699	0	0	0
23379	八卦石紫薇绑定	八卦石紫薇礼包	216	0	-1	1	-1	0	1	700	0	0	0
23380	八卦石八凶绑定	八卦石八凶礼包	216	0	-1	1	-1	0	1	701	0	0	0
23381	八卦石黄道绑定	八卦石黄道礼包	216	0	-1	1	-1	0	1	702	0	0	0
23382	八卦石魔煞绑定	八卦石魔煞礼包	216	0	-1	1	-1	0	1	703	0	0	0
23383	八卦石万通绑定	八卦石万通礼包	216	0	-1	1	-1	0	1	704	0	0	0
23384	金铃夫人福袋	金铃夫人福袋	216	0	-1	1	-1	0	1	705	0	0	0
23385	回归登陆好礼壹	回归登陆好礼壹	216	0	-1	1	-1	0	1	707	0	0	0
23386	回归登陆好礼贰	回归登陆好礼贰	216	0	-1	1	-1	0	1	708	0	0	0
23387	回归登陆好礼叁	回归登陆好礼叁	216	0	-1	1	-1	0	1	709	0	0	0
23388	回归登陆好礼肆	回归登陆好礼肆	216	0	-1	1	-1	0	1	710	0	0	0
23389	回归登陆好礼伍	回归登陆好礼伍	216	0	-1	1	-1	0	1	711	0	0	0
23390	活跃度宝箱1	20活跃度宝箱	216	0	-1	1	-1	0	1	712	0	0	0
23391	活跃度宝箱2	40活跃度宝箱	216	0	-1	1	-1	0	1	713	0	0	0
23392	活跃度宝箱3	60活跃度宝箱	216	0	-1	1	-1	0	1	714	0	0	0
23393	活跃度宝箱4	80活跃度宝箱	216	0	-1	1	-1	0	1	715	0	0	0
23394	活跃度宝箱5	100活跃度宝箱	216	0	-1	1	-1	0	1	716	0	0	0
23395	活跃度宝箱6	120活跃度宝箱	216	0	-1	1	-1	0	1	717	0	0	0
23396	活跃度宝箱7	140活跃度宝箱	216	0	-1	1	-1	0	1	718	0	0	0
23397	贺岁版更新豪礼	贺岁版更新豪礼	216	0	-1	1	-1	0	1	721	0	0	0
23398	贺岁版回归豪礼	贺岁版回归豪礼	216	0	-1	1	-1	0	1	722	0	0	0
23399	贺岁版新手豪礼	贺岁版新手豪礼	216	0	-1	1	-1	0	1	723	0	0	0
25003	隐藏任务称号	南柯一梦	222	-1	-1	1	-1	0	1	89	0	0	0
25004	SNS分享活动	分享礼包	216	0	-1	1	-1	0	1	12	0	0	0
25005	SNS分享活动	羁绊礼包	216	0	-1	1	-1	0	1	13	0	0	0
25006	SNS分享活动	挚友礼包·壹	216	0	-1	1	-1	0	1	14	0	0	0
25007	SNS分享活动	挚友礼包·贰	216	0	-1	1	-1	0	1	15	0	0	0
25008	SNS分享活动	挚友礼包·叁	216	0	-1	1	-1	0	1	16	0	0	0
25009	SNS分享活动	成长礼包·壹	216	0	-1	1	-1	0	1	17	0	0	0
25010	SNS分享活动	成长礼包·贰	216	0	-1	1	-1	0	1	18	0	0	0
25011	SNS分享活动	成长礼包·叁	216	0	-1	1	-1	0	1	19	0	0	0
25013	小凡套装包	小凡套大礼包	216	-1	-1	1	-1	0	1	20	0	0	0
25014	鬼厉套装包	鬼厉套大礼包	216	-1	-1	1	-1	0	1	21	0	0	0
25015	雪琪套装包	雪琪套大礼包	216	-1	-1	1	-1	0	1	22	0	0	0
25016	碧瑶套装包	碧瑶套大礼包	216	-1	-1	1	-1	0	1	23	0	0	0
25018	SNS分享活动（使用方）	羁绊礼包	216	0	-1	1	-1	0	1	99	0	0	0
25019	时装拉新任务礼包	辛苦大礼包	216	0	-1	1	-1	0	1	105	0	0	0
25020	合服补偿礼包-通用	合服补偿礼包	216	0	-1	1	-1	0	1	153	0	0	0
25021	合服补偿礼包-角色重名	合服角色重名补偿礼包	216	0	-1	1	-1	0	1	154	0	0	0
25022	合服补偿礼包-帮派重名	合服帮派重名补偿礼包	216	0	-1	1	-1	0	1	155	0	0	0
25023	合服补偿礼包-家族重名	合服家族重名补偿礼包	216	0	-1	1	-1	0	1	156	0	0	0
25024	合服补偿礼包-帮派消亡	合服帮派消亡补偿礼包	216	0	-1	1	-1	0	1	157	0	0	0
25025	合服补偿礼包-家族消亡	合服家族消亡补偿礼包	216	0	-1	1	-1	0	1	158	0	0	0
25026	6元日卡礼包	日进斗金礼包	216	0	-1	1	-1	0	1	231	0	0	0
25028	灵狐男套装包	灵狐(男)·套装	216	0	-1	1	-1	0	1	289	0	0	0
25029	灵狐女套装包	灵狐(女)·套装	216	0	-1	1	-1	0	1	290	0	0	0
28032	等级礼包-10级（晚于服务器第1天）	健步如飞-10级	216	0	-1	1	-1	0	1	462	0	0	0
28033	等级礼包-20级（晚于服务器第1档）	健步如飞-20级	216	0	-1	1	-1	0	1	463	0	0	0
28034	等级礼包-30级（晚于服务器第1档）	健步如飞-30级	216	0	-1	1	-1	0	1	464	0	0	0
28035	等级礼包-35级（晚于服务器第1档）	健步如飞-35级	216	0	-1	1	-1	0	1	465	0	0	0
28036	等级礼包-40级（晚于服务器第1档）	健步如飞-40级	216	0	-1	1	-1	0	1	466	0	0	0
28037	等级礼包-45级（晚于服务器第1档）	健步如飞-45级	216	0	-1	1	-1	0	1	467	0	0	0
28038	等级礼包-50级（晚于服务器第1档）	健步如飞-50级	216	0	-1	1	-1	0	1	468	0	0	0
28039	等级礼包-55级（晚于服务器第1档）	健步如飞-55级	216	0	-1	1	-1	0	1	469	0	0	0
28040	等级礼包-60级（晚于服务器第1档）	健步如飞-60级	216	0	-1	1	-1	0	1	470	0	0	0
28041	等级礼包-65级（晚于服务器第1档）	健步如飞-65级	216	0	-1	1	-1	0	1	471	0	0	0
28042	等级礼包-70级（晚于服务器第1档）	健步如飞-70级	216	0	-1	1	-1	0	1	472	0	0	0
28043	等级礼包-75级（晚于服务器第1档）	健步如飞-75级	216	0	-1	1	-1	0	1	473	0	0	0
28044	等级礼包-80级（晚于服务器第1档）	健步如飞-80级	216	0	-1	1	-1	0	1	474	0	0	0
28045	等级礼包-85级（晚于服务器第1档）	健步如飞-85级	216	0	-1	1	-1	0	1	475	0	0	0
28046	等级礼包-90级（晚于服务器第1档）	健步如飞-90级	216	0	-1	1	-1	0	1	476	0	0	0
28047	等级礼包-95级（晚于服务器第1档）	健步如飞-95级	216	0	-1	1	-1	0	1	477	0	0	0
28048	等级礼包-100级（晚于服务器第1档）	健步如飞-100级	216	0	-1	1	-1	0	1	478	0	0	0
28049	等级礼包-105级（晚于服务器第1档）	健步如飞-105级	216	0	-1	1	-1	0	1	479	0	0	0
28050	等级礼包-110级（晚于服务器第1档）	健步如飞-110级	216	0	-1	1	-1	0	1	480	0	0	0
28051	等级礼包-115级（晚于服务器第1档）	健步如飞-115级	216	0	-1	1	-1	0	1	481	0	0	0
28052	等级礼包-120级（晚于服务器第1档）	健步如飞-120级	216	0	-1	1	-1	0	1	482	0	0	0
28053	等级礼包-125级（晚于服务器第1档）	健步如飞-125级	216	0	-1	1	-1	0	1	483	0	0	0
28054	等级礼包-130级（晚于服务器第1档）	健步如飞-130级	216	0	-1	1	-1	0	1	484	0	0	0
28055	等级礼包-135级（晚于服务器第1档）	健步如飞-135级	216	0	-1	1	-1	0	1	485	0	0	0
28056	等级礼包-140级（晚于服务器第1档）	健步如飞-140级	216	0	-1	1	-1	0	1	486	0	0	0
28057	等级礼包-145级（晚于服务器第1档）	健步如飞-145级	216	0	-1	1	-1	0	1	487	0	0	0
28058	等级礼包-150级（晚于服务器第1档）	健步如飞-150级	216	0	-1	1	-1	0	1	488	0	0	0
28059	等级礼包-飞升60级（晚于服务器第1档）	健步如飞-飞升60级	216	0	-1	1	-1	0	1	489	0	0	0
28060	等级礼包-飞升65级（晚于服务器第1档）	健步如飞-飞升65级	216	0	-1	1	-1	0	1	490	0	0	0
28061	等级礼包-飞升70级（晚于服务器第1档）	健步如飞-飞升70级	216	0	-1	1	-1	0	1	491	0	0	0
28062	等级礼包-飞升75级（晚于服务器第1档）	健步如飞-飞升75级	216	0	-1	1	-1	0	1	492	0	0	0
28063	等级礼包-飞升80级（晚于服务器第1档）	健步如飞-飞升80级	216	0	-1	1	-1	0	1	493	0	0	0
28064	等级礼包-飞升85级（晚于服务器第1档）	健步如飞-飞升85级	216	0	-1	1	-1	0	1	494	0	0	0
28065	等级礼包-飞升90级（晚于服务器第1档）	健步如飞-飞升90级	216	0	-1	1	-1	0	1	495	0	0	0
28066	等级礼包-飞升95级（晚于服务器第1档）	健步如飞-飞升95级	216	0	-1	1	-1	0	1	496	0	0	0
28067	等级礼包-飞升100级（晚于服务器第1档）	健步如飞-飞升100级	216	0	-1	1	-1	0	1	497	0	0	0
28068	等级礼包-飞升105级（晚于服务器第1档）	健步如飞-飞升105级	216	0	-1	1	-1	0	1	498	0	0	0
28069	等级礼包-飞升110级（晚于服务器第1档）	健步如飞-飞升110级	216	0	-1	1	-1	0	1	499	0	0	0
28070	等级礼包-飞升115级（晚于服务器第1档）	健步如飞-飞升115级	216	0	-1	1	-1	0	1	500	0	0	0
28071	等级礼包-飞升120级（晚于服务器第1档）	健步如飞-飞升120级	216	0	-1	1	-1	0	1	501	0	0	0
28072	等级礼包-飞升125级（晚于服务器第1档）	健步如飞-飞升125级	216	0	-1	1	-1	0	1	502	0	0	0
28073	等级礼包-飞升130级（晚于服务器第1档）	健步如飞-飞升130级	216	0	-1	1	-1	0	1	503	0	0	0
28074	等级礼包-飞升135级（晚于服务器第1档）	健步如飞-飞升135级	216	0	-1	1	-1	0	1	504	0	0	0
28075	等级礼包-飞升140级（晚于服务器第1档）	健步如飞-飞升140级	216	0	-1	1	-1	0	1	505	0	0	0
28076	等级礼包-飞升145级（晚于服务器第1档）	健步如飞-飞升145级	216	0	-1	1	-1	0	1	506	0	0	0
28077	等级礼包-飞升150级（晚于服务器第1档）	健步如飞-飞升150级	216	0	-1	1	-1	0	1	507	0	0	0
28078	等级礼包-飞升155级（晚于服务器第1档）	健步如飞-飞升155级	216	0	-1	1	-1	0	1	508	0	0	0
28079	等级礼包-飞升160级（晚于服务器第1档）	健步如飞-飞升160级	216	0	-1	1	-1	0	1	509	0	0	0
28080	等级礼包-10级（晚于服务器第2天）	风驰电掣-10级	216	0	-1	1	-1	0	1	510	0	0	0
28081	等级礼包-20级（晚于服务器第2档）	风驰电掣-20级	216	0	-1	1	-1	0	1	511	0	0	0
28082	等级礼包-30级（晚于服务器第2档）	风驰电掣-30级	216	0	-1	1	-1	0	1	512	0	0	0
28083	等级礼包-35级（晚于服务器第2档）	风驰电掣-35级	216	0	-1	1	-1	0	1	513	0	0	0
28084	等级礼包-40级（晚于服务器第2档）	风驰电掣-40级	216	0	-1	1	-1	0	1	514	0	0	0
28085	等级礼包-45级（晚于服务器第2档）	风驰电掣-45级	216	0	-1	1	-1	0	1	515	0	0	0
28086	等级礼包-50级（晚于服务器第2档）	风驰电掣-50级	216	0	-1	1	-1	0	1	516	0	0	0
28087	等级礼包-55级（晚于服务器第2档）	风驰电掣-55级	216	0	-1	1	-1	0	1	517	0	0	0
28088	等级礼包-60级（晚于服务器第2档）	风驰电掣-60级	216	0	-1	1	-1	0	1	518	0	0	0
28089	等级礼包-65级（晚于服务器第2档）	风驰电掣-65级	216	0	-1	1	-1	0	1	519	0	0	0
28090	等级礼包-70级（晚于服务器第2档）	风驰电掣-70级	216	0	-1	1	-1	0	1	520	0	0	0
28091	等级礼包-75级（晚于服务器第2档）	风驰电掣-75级	216	0	-1	1	-1	0	1	521	0	0	0
28092	等级礼包-80级（晚于服务器第2档）	风驰电掣-80级	216	0	-1	1	-1	0	1	522	0	0	0
28093	等级礼包-85级（晚于服务器第2档）	风驰电掣-85级	216	0	-1	1	-1	0	1	523	0	0	0
28094	等级礼包-90级（晚于服务器第2档）	风驰电掣-90级	216	0	-1	1	-1	0	1	524	0	0	0
28095	等级礼包-95级（晚于服务器第2档）	风驰电掣-95级	216	0	-1	1	-1	0	1	525	0	0	0
28096	等级礼包-100级（晚于服务器第2档）	风驰电掣-100级	216	0	-1	1	-1	0	1	526	0	0	0
28097	等级礼包-105级（晚于服务器第2档）	风驰电掣-105级	216	0	-1	1	-1	0	1	527	0	0	0
28098	等级礼包-110级（晚于服务器第2档）	风驰电掣-110级	216	0	-1	1	-1	0	1	528	0	0	0
28099	等级礼包-115级（晚于服务器第2档）	风驰电掣-115级	216	0	-1	1	-1	0	1	529	0	0	0
28100	等级礼包-120级（晚于服务器第2档）	风驰电掣-120级	216	0	-1	1	-1	0	1	530	0	0	0
28101	等级礼包-125级（晚于服务器第2档）	风驰电掣-125级	216	0	-1	1	-1	0	1	531	0	0	0
28102	等级礼包-130级（晚于服务器第2档）	风驰电掣-130级	216	0	-1	1	-1	0	1	532	0	0	0
28103	等级礼包-135级（晚于服务器第2档）	风驰电掣-135级	216	0	-1	1	-1	0	1	533	0	0	0
28104	等级礼包-140级（晚于服务器第2档）	风驰电掣-140级	216	0	-1	1	-1	0	1	534	0	0	0
28105	等级礼包-145级（晚于服务器第2档）	风驰电掣-145级	216	0	-1	1	-1	0	1	535	0	0	0
28106	等级礼包-150级（晚于服务器第2档）	风驰电掣-150级	216	0	-1	1	-1	0	1	536	0	0	0
28107	等级礼包-飞升60级（晚于服务器第2档）	风驰电掣-飞升60级	216	0	-1	1	-1	0	1	537	0	0	0
28108	等级礼包-飞升65级（晚于服务器第2档）	风驰电掣-飞升65级	216	0	-1	1	-1	0	1	538	0	0	0
28109	等级礼包-飞升70级（晚于服务器第2档）	风驰电掣-飞升70级	216	0	-1	1	-1	0	1	539	0	0	0
28110	等级礼包-飞升75级（晚于服务器第2档）	风驰电掣-飞升75级	216	0	-1	1	-1	0	1	540	0	0	0
28111	等级礼包-飞升80级（晚于服务器第2档）	风驰电掣-飞升80级	216	0	-1	1	-1	0	1	541	0	0	0
28112	等级礼包-飞升85级（晚于服务器第2档）	风驰电掣-飞升85级	216	0	-1	1	-1	0	1	542	0	0	0
28113	等级礼包-飞升90级（晚于服务器第2档）	风驰电掣-飞升90级	216	0	-1	1	-1	0	1	543	0	0	0
28114	等级礼包-飞升95级（晚于服务器第2档）	风驰电掣-飞升95级	216	0	-1	1	-1	0	1	544	0	0	0
28115	等级礼包-飞升100级（晚于服务器第2档）	风驰电掣-飞升100级	216	0	-1	1	-1	0	1	545	0	0	0
28116	等级礼包-飞升105级（晚于服务器第2档）	风驰电掣-飞升105级	216	0	-1	1	-1	0	1	546	0	0	0
28117	等级礼包-飞升110级（晚于服务器第2档）	风驰电掣-飞升110级	216	0	-1	1	-1	0	1	547	0	0	0
28118	等级礼包-飞升115级（晚于服务器第2档）	风驰电掣-飞升115级	216	0	-1	1	-1	0	1	548	0	0	0
28119	等级礼包-飞升120级（晚于服务器第2档）	风驰电掣-飞升120级	216	0	-1	1	-1	0	1	549	0	0	0
28120	等级礼包-飞升125级（晚于服务器第2档）	风驰电掣-飞升125级	216	0	-1	1	-1	0	1	550	0	0	0
28121	等级礼包-飞升130级（晚于服务器第2档）	风驰电掣-飞升130级	216	0	-1	1	-1	0	1	551	0	0	0
28122	等级礼包-飞升135级（晚于服务器第2档）	风驰电掣-飞升135级	216	0	-1	1	-1	0	1	552	0	0	0
28123	等级礼包-飞升140级（晚于服务器第2档）	风驰电掣-飞升140级	216	0	-1	1	-1	0	1	553	0	0	0
28124	等级礼包-飞升145级（晚于服务器第2档）	风驰电掣-飞升145级	216	0	-1	1	-1	0	1	554	0	0	0
28125	等级礼包-飞升150级（晚于服务器第2档）	风驰电掣-飞升150级	216	0	-1	1	-1	0	1	555	0	0	0
28126	等级礼包-飞升155级（晚于服务器第2档）	风驰电掣-飞升155级	216	0	-1	1	-1	0	1	556	0	0	0
28127	等级礼包-飞升160级（晚于服务器第2档）	风驰电掣-飞升160级	216	0	-1	1	-1	0	1	557	0	0	0
28128	等级礼包-10级（晚于服务器第3天）	奔逸绝尘-10级	216	0	-1	1	-1	0	1	558	0	0	0
28129	等级礼包-20级（晚于服务器第3档）	奔逸绝尘-20级	216	0	-1	1	-1	0	1	559	0	0	0
28130	等级礼包-30级（晚于服务器第3档）	奔逸绝尘-30级	216	0	-1	1	-1	0	1	560	0	0	0
28131	等级礼包-35级（晚于服务器第3档）	奔逸绝尘-35级	216	0	-1	1	-1	0	1	561	0	0	0
28132	等级礼包-40级（晚于服务器第3档）	奔逸绝尘-40级	216	0	-1	1	-1	0	1	562	0	0	0
28133	等级礼包-45级（晚于服务器第3档）	奔逸绝尘-45级	216	0	-1	1	-1	0	1	563	0	0	0
28134	等级礼包-50级（晚于服务器第3档）	奔逸绝尘-50级	216	0	-1	1	-1	0	1	564	0	0	0
28135	等级礼包-55级（晚于服务器第3档）	奔逸绝尘-55级	216	0	-1	1	-1	0	1	565	0	0	0
28136	等级礼包-60级（晚于服务器第3档）	奔逸绝尘-60级	216	0	-1	1	-1	0	1	566	0	0	0
28137	等级礼包-65级（晚于服务器第3档）	奔逸绝尘-65级	216	0	-1	1	-1	0	1	567	0	0	0
28138	等级礼包-70级（晚于服务器第3档）	奔逸绝尘-70级	216	0	-1	1	-1	0	1	568	0	0	0
28139	等级礼包-75级（晚于服务器第3档）	奔逸绝尘-75级	216	0	-1	1	-1	0	1	569	0	0	0
28140	等级礼包-80级（晚于服务器第3档）	奔逸绝尘-80级	216	0	-1	1	-1	0	1	570	0	0	0
28141	等级礼包-85级（晚于服务器第3档）	奔逸绝尘-85级	216	0	-1	1	-1	0	1	571	0	0	0
28142	等级礼包-90级（晚于服务器第3档）	奔逸绝尘-90级	216	0	-1	1	-1	0	1	572	0	0	0
28143	等级礼包-95级（晚于服务器第3档）	奔逸绝尘-95级	216	0	-1	1	-1	0	1	573	0	0	0
28144	等级礼包-100级（晚于服务器第3档）	奔逸绝尘-100级	216	0	-1	1	-1	0	1	574	0	0	0
28145	等级礼包-105级（晚于服务器第3档）	奔逸绝尘-105级	216	0	-1	1	-1	0	1	575	0	0	0
28146	等级礼包-110级（晚于服务器第3档）	奔逸绝尘-110级	216	0	-1	1	-1	0	1	576	0	0	0
28147	等级礼包-115级（晚于服务器第3档）	奔逸绝尘-115级	216	0	-1	1	-1	0	1	577	0	0	0
28148	等级礼包-120级（晚于服务器第3档）	奔逸绝尘-120级	216	0	-1	1	-1	0	1	578	0	0	0
28149	等级礼包-125级（晚于服务器第3档）	奔逸绝尘-125级	216	0	-1	1	-1	0	1	579	0	0	0
28150	等级礼包-130级（晚于服务器第3档）	奔逸绝尘-130级	216	0	-1	1	-1	0	1	580	0	0	0
28151	等级礼包-135级（晚于服务器第3档）	奔逸绝尘-135级	216	0	-1	1	-1	0	1	581	0	0	0
28152	等级礼包-140级（晚于服务器第3档）	奔逸绝尘-140级	216	0	-1	1	-1	0	1	582	0	0	0
28153	等级礼包-145级（晚于服务器第3档）	奔逸绝尘-145级	216	0	-1	1	-1	0	1	583	0	0	0
28154	等级礼包-150级（晚于服务器第3档）	奔逸绝尘-150级	216	0	-1	1	-1	0	1	584	0	0	0
28155	等级礼包-飞升60级（晚于服务器第3档）	奔逸绝尘-飞升60级	216	0	-1	1	-1	0	1	585	0	0	0
28156	等级礼包-飞升65级（晚于服务器第3档）	奔逸绝尘-飞升65级	216	0	-1	1	-1	0	1	586	0	0	0
28157	等级礼包-飞升70级（晚于服务器第3档）	奔逸绝尘-飞升70级	216	0	-1	1	-1	0	1	587	0	0	0
28158	等级礼包-飞升75级（晚于服务器第3档）	奔逸绝尘-飞升75级	216	0	-1	1	-1	0	1	588	0	0	0
28159	等级礼包-飞升80级（晚于服务器第3档）	奔逸绝尘-飞升80级	216	0	-1	1	-1	0	1	589	0	0	0
28160	等级礼包-飞升85级（晚于服务器第3档）	奔逸绝尘-飞升85级	216	0	-1	1	-1	0	1	590	0	0	0
28161	等级礼包-飞升90级（晚于服务器第3档）	奔逸绝尘-飞升90级	216	0	-1	1	-1	0	1	591	0	0	0
28162	等级礼包-飞升95级（晚于服务器第3档）	奔逸绝尘-飞升95级	216	0	-1	1	-1	0	1	592	0	0	0
28163	等级礼包-飞升100级（晚于服务器第3档）	奔逸绝尘-飞升100级	216	0	-1	1	-1	0	1	593	0	0	0
28164	等级礼包-飞升105级（晚于服务器第3档）	奔逸绝尘-飞升105级	216	0	-1	1	-1	0	1	594	0	0	0
28165	等级礼包-飞升110级（晚于服务器第3档）	奔逸绝尘-飞升110级	216	0	-1	1	-1	0	1	595	0	0	0
28166	等级礼包-飞升115级（晚于服务器第3档）	奔逸绝尘-飞升115级	216	0	-1	1	-1	0	1	596	0	0	0
28167	等级礼包-飞升120级（晚于服务器第3档）	奔逸绝尘-飞升120级	216	0	-1	1	-1	0	1	597	0	0	0
28168	等级礼包-飞升125级（晚于服务器第3档）	奔逸绝尘-飞升125级	216	0	-1	1	-1	0	1	598	0	0	0
28169	等级礼包-飞升130级（晚于服务器第3档）	奔逸绝尘-飞升130级	216	0	-1	1	-1	0	1	599	0	0	0
28170	等级礼包-飞升135级（晚于服务器第3档）	奔逸绝尘-飞升135级	216	0	-1	1	-1	0	1	600	0	0	0
28171	等级礼包-飞升140级（晚于服务器第3档）	奔逸绝尘-飞升140级	216	0	-1	1	-1	0	1	601	0	0	0
28172	等级礼包-飞升145级（晚于服务器第3档）	奔逸绝尘-飞升145级	216	0	-1	1	-1	0	1	602	0	0	0
28173	等级礼包-飞升150级（晚于服务器第3档）	奔逸绝尘-飞升150级	216	0	-1	1	-1	0	1	603	0	0	0
28174	等级礼包-飞升155级（晚于服务器第3档）	奔逸绝尘-飞升155级	216	0	-1	1	-1	0	1	604	0	0	0
28175	等级礼包-飞升160级（晚于服务器第3档）	奔逸绝尘-飞升160级	216	0	-1	1	-1	0	1	605	0	0	0
28176	夫妻副本称号锦囊	心有灵犀称号锦囊	216	0	-1	1	-1	0	1	413	0	0	0
28177	6元日卡礼包1	日进斗金吉祥礼包	216	0	-1	1	-1	0	1	445	0	0	0
28178	6元日卡礼包2	日进斗金吉祥礼包	216	0	-1	1	-1	0	1	446	0	0	0
28179	6元日卡礼包3	日进斗金吉祥礼包	216	0	-1	1	-1	0	1	447	0	0	0
28180	6元日卡礼包4	日进斗金吉祥礼包	216	0	-1	1	-1	0	1	448	0	0	0
28181	6元日卡礼包5	日进斗金吉祥礼包	216	0	-1	1	-1	0	1	449	0	0	0
28182	6元日卡礼包6	日进斗金吉祥礼包	216	0	-1	1	-1	0	1	450	0	0	0
28183	30元日卡礼包1	日进斗金豪华礼包	216	0	-1	1	-1	0	1	451	0	0	0
28184	30元日卡礼包2	日进斗金豪华礼包	216	0	-1	1	-1	0	1	452	0	0	0
28185	30元日卡礼包3	日进斗金豪华礼包	216	0	-1	1	-1	0	1	453	0	0	0
28186	30元日卡礼包4	日进斗金豪华礼包	216	0	-1	1	-1	0	1	454	0	0	0
28187	30元日卡礼包5	日进斗金豪华礼包	216	0	-1	1	-1	0	1	455	0	0	0
28188	30元日卡礼包6	日进斗金豪华礼包	216	0	-1	1	-1	0	1	456	0	0	0
28189	30元日卡礼包7	日进斗金豪华礼包	216	0	-1	1	-1	0	1	457	0	0	0
28190	30元日卡礼包8	日进斗金豪华礼包	216	0	-1	1	-1	0	1	458	0	0	0
28191	1元日卡礼包1	日进斗金[福气]	216	0	-1	1	-1	0	1	732	0	0	0
28192	1元日卡礼包2	日进斗金[福气]	216	0	-1	1	-1	0	1	733	0	0	0
28193	1元日卡礼包3	日进斗金[福气]	216	0	-1	1	-1	0	1	734	0	0	0
28194	1元日卡礼包4	日进斗金[福气]	216	0	-1	1	-1	0	1	735	0	0	0
28195	1元日卡礼包5	日进斗金[福气]	216	0	-1	1	-1	0	1	749	0	0	0
20595	鬼厉装衣服	鬼厉装·衣[永久]	221	-1	-1	1	-1	0	1	3	0	0	0
20596	雪琪装衣服	雪琪装·衣[永久]	221	-1	-1	1	-1	0	1	5	0	0	0
20597	碧瑶装衣服	碧瑶装·衣[永久]	221	-1	-1	1	-1	0	1	7	0	0	0
20598	云渺	云渺·衣[7天]	221	-1	-1	1	-1	0	1	35	0	0	0
20599	千机	千机·衣[7天]	221	-1	-1	1	-1	0	1	36	0	0	0
20600	云渺	云渺·衣[30天]	221	-1	-1	1	-1	0	1	35	0	0	0
20601	千机	千机·衣[30天]	221	-1	-1	1	-1	0	1	36	0	0	0
20602	云渺	云渺·衣[永久]	221	-1	-1	1	-1	0	1	35	0	0	0
20603	千机	千机·衣[永久]	221	-1	-1	1	-1	0	1	36	0	0	0
20604	VIP16时装	VIP16·衣[永久]	221	-1	-1	1	-1	0	1	37	0	0	0
20605	鬼厉装衣服	鬼厉装·衣[7天]	221	-1	-1	1	-1	0	1	3	0	0	0
20606	雪琪装衣服	雪琪装·衣[7天]	221	-1	-1	1	-1	0	1	5	0	0	0
20607	碧瑶装衣服	碧瑶装·衣[7天]	221	-1	-1	1	-1	0	1	7	0	0	0
20608	雪琪装头部	雪琪装·发[永久]	221	-1	-1	1	-1	0	1	4	0	0	0
20609	女-灵狐装头部	灵狐装·发[永久]	221	-1	-1	1	-1	0	1	38	0	0	0
20610	女-发型10	念露·发[永久]	221	-1	-1	1	-1	0	1	39	0	0	0
20611	女-发型11	如萍·发[永久]	221	-1	-1	1	-1	0	1	40	0	0	0
20612	女-发型3	惜卉·发[永久]	221	-1	-1	1	-1	0	1	41	0	0	0
20613	女-发型4	觅丝·发[永久]	221	-1	-1	1	-1	0	1	42	0	0	0
20614	女-发型8	又凝·发[永久]	221	-1	-1	1	-1	0	1	43	0	0	0
20615	男-灵狐装头部	灵狐装·发[永久]	221	-1	-1	1	-1	0	1	44	0	0	0
20616	男-发型1	亦秋·发[永久]	221	-1	-1	1	-1	0	1	45	0	0	0
20617	男-发型13	冰筠·发[永久]	221	-1	-1	1	-1	0	1	46	0	0	0
20618	男-发型14	芷香·发[永久]	221	-1	-1	1	-1	0	1	47	0	0	0
20619	男-发型16	问蕊·发[永久]	221	-1	-1	1	-1	0	1	48	0	0	0
20620	男-发型8	飞亦·发[永久]	221	-1	-1	1	-1	0	1	49	0	0	0
20621	男-发型9	采山·发[永久]	221	-1	-1	1	-1	0	1	50	0	0	0
20622	雪琪装头部	雪琪装·发[30天]	221	-1	-1	1	-1	0	1	4	0	0	0
20623	女-灵狐装头部	灵狐装·发[30天]	221	-1	-1	1	-1	0	1	38	0	0	0
20624	女-发型10	念露·发[30天]	221	-1	-1	1	-1	0	1	39	0	0	0
20625	女-发型11	如萍·发[30天]	221	-1	-1	1	-1	0	1	40	0	0	0
20626	女-发型3	惜卉·发[30天]	221	-1	-1	1	-1	0	1	41	0	0	0
20627	女-发型4	觅丝·发[30天]	221	-1	-1	1	-1	0	1	42	0	0	0
20628	女-发型8	又凝·发[30天]	221	-1	-1	1	-1	0	1	43	0	0	0
20629	男-灵狐装头部	灵狐装·发[30天]	221	-1	-1	1	-1	0	1	44	0	0	0
20630	男-发型1	亦秋·发[30天]	221	-1	-1	1	-1	0	1	45	0	0	0
20631	男-发型13	冰筠·发[30天]	221	-1	-1	1	-1	0	1	46	0	0	0
20632	男-发型14	芷香·发[30天]	221	-1	-1	1	-1	0	1	47	0	0	0
20633	男-发型16	问蕊·发[30天]	221	-1	-1	1	-1	0	1	48	0	0	0
20634	男-发型8	飞亦·发[30天]	221	-1	-1	1	-1	0	1	49	0	0	0
20635	男-发型9	采山·发[30天]	221	-1	-1	1	-1	0	1	50	0	0	0
20636	雪琪装头部	雪琪装·发[7天]	221	-1	-1	1	-1	0	1	4	0	0	0
20637	女-灵狐装头部	灵狐装·发[7天]	221	-1	-1	1	-1	0	1	38	0	0	0
20638	女-发型10	念露·发[7天]	221	-1	-1	1	-1	0	1	39	0	0	0
20639	女-发型11	如萍·发[7天]	221	-1	-1	1	-1	0	1	40	0	0	0
20640	女-发型3	惜卉·发[7天]	221	-1	-1	1	-1	0	1	41	0	0	0
20641	女-发型4	觅丝·发[7天]	221	-1	-1	1	-1	0	1	42	0	0	0
20642	女-发型8	又凝·发[7天]	221	-1	-1	1	-1	0	1	43	0	0	0
20643	男-灵狐装头部	灵狐装·发[7天]	221	-1	-1	1	-1	0	1	44	0	0	0
20644	男-发型1	亦秋·发[7天]	221	-1	-1	1	-1	0	1	45	0	0	0
20645	男-发型13	冰筠·发[7天]	221	-1	-1	1	-1	0	1	46	0	0	0
20646	男-发型14	芷香·发[7天]	221	-1	-1	1	-1	0	1	47	0	0	0
20647	男-发型16	问蕊·发[7天]	221	-1	-1	1	-1	0	1	48	0	0	0
20648	男-发型8	飞亦·发[7天]	221	-1	-1	1	-1	0	1	49	0	0	0
20649	男-发型9	采山·发[7天]	221	-1	-1	1	-1	0	1	50	0	0	0
20650	高级结婚时装-7天	天缘装·衣[7天]	221	-1	-1	1	-1	0	1	51	0	0	0
20651	高级结婚时装-30天	天缘装·衣[30天]	221	-1	-1	1	-1	0	1	51	0	0	0
20652	高级结婚时装-永久	天缘装·衣[永久]	221	-1	-1	1	-1	0	1	51	0	0	0
20653	时装-九尾狐	灵狐装·衣[7天]	221	-1	-1	1	-1	0	1	52	0	0	0
20654	时装-九尾狐	灵狐装·衣[30天]	221	-1	-1	1	-1	0	1	52	0	0	0
20655	时装-九尾狐	灵狐装·衣[永久]	221	-1	-1	1	-1	0	1	52	0	0	0
20009	婚礼飞剑-7天	婚礼飞剑	215	0	-1	1	-1	0	1	43	0	-1	0
20010	婚礼飞剑-30天	婚礼飞剑	215	0	-1	1	-1	0	1	43	0	-1	0
20011	婚礼飞剑-永久	婚礼飞剑[永久]	215	0	-1	1	-1	0	1	43	0	-1	0
20012	V1奖励坐骑-7天	白虎-7天	215	0	-1	1	-1	0	1	1	0	-1	0
20013	V1奖励坐骑-30天	白虎-30天	215	0	-1	1	-1	0	1	1	0	-1	0
20014	V1奖励坐骑-永久	白虎-永久	215	0	-1	1	-1	0	1	1	0	-1	0
20015	V16奖励坐骑-7天	敖弘-7天	215	0	-1	1	-1	0	1	2	0	-1	0
20016	V16奖励坐骑-30天	敖弘-30天	215	0	-1	1	-1	0	1	2	0	-1	0
20017	V16奖励坐骑-永久	敖弘-永久	215	0	-1	1	-1	0	1	2	0	-1	0
20018	镇魔古洞掉落坐骑-7天	赤焰麒麟[7天]	215	0	-1	1	-1	0	1	36	0	-1	0
20019	镇魔古洞掉落坐骑-30天	赤焰麒麟[30天]	215	0	-1	1	-1	0	1	36	0	-1	0
20020	镇魔古洞掉落坐骑-永久	赤焰麒麟[永久]	215	0	-1	1	-1	0	1	36	0	-1	0
20021	七脉会武高级奖励座骑-7天	奎宿[7天]	215	0	-1	1	-1	0	1	37	0	-1	0
20022	七脉会武高级奖励座骑-30天	奎宿[30天]	215	0	-1	1	-1	0	1	37	0	-1	0
20023	七脉会武高级奖励座骑-永久	奎宿[永久]	215	0	-1	1	-1	0	1	37	0	-1	0
20024	每日抽奖坐骑-7天	战狼[7天]	215	0	-1	1	-1	0	1	40	0	-1	0
20025	每日抽奖坐骑-30天	战狼[30天]	215	0	-1	1	-1	0	1	40	0	-1	0
20026	每日抽奖坐骑-永久	战狼[永久]	215	0	-1	1	-1	0	1	40	0	-1	0
20027	花车-7天	花车[7天]	215	0	-1	1	-1	0	1	38	0	-1	0
20028	花车-30天	花车[30天]	215	0	-1	1	-1	0	1	38	0	-1	0
20029	花车-永久	花车[永久]	215	0	-1	1	-1	0	1	38	0	-1	0
20030	商城出售坐骑-7天	陆吾[7天]	215	0	-1	1	-1	0	1	39	0	-1	0
20031	商城出售坐骑-30天	陆吾[30天]	215	0	-1	1	-1	0	1	39	0	-1	0
20032	商城出售坐骑-永久	陆吾[永久]	215	0	-1	1	-1	0	1	39	0	-1	0
20033	友好度里程碑坐骑-7天		215	0	-1	1	-1	0	1	3	0	-1	0
20034	友好度里程碑坐骑-30天		215	0	-1	1	-1	0	1	3	0	-1	0
20035	友好度里程碑坐骑-永久		215	0	-1	1	-1	0	1	3	0	-1	0
20036	麒麟变色-7天	绯红麒麟[7天]	215	0	-1	1	-1	0	1	45	0	-1	0
20037	麒麟变色-30天	绯红麒麟[30天]	215	0	-1	1	-1	0	1	45	0	-1	0
20038	麒麟变色-永久	绯红麒麟[永久]	215	0	-1	1	-1	0	1	45	0	-1	0
20039	麒麟变色-7天	翠玉麒麟[7天]	215	0	-1	1	-1	0	1	44	0	-1	0
20040	麒麟变色-30天	翠玉麒麟[30天]	215	0	-1	1	-1	0	1	44	0	-1	0
20041	麒麟变色-永久	翠玉麒麟[永久]	215	0	-1	1	-1	0	1	44	0	-1	0
20042	云马-7天	云马-7天	215	0	-1	1	-1	0	1	46	0	-1	0
20043	云马-30天	云马-30天	215	0	-1	1	-1	0	1	46	0	-1	0
20044	云马-永久	云马-永久	215	0	-1	1	-1	0	1	46	0	-1	0
20045	白泽-7天	白泽-7天	215	0	-1	1	-1	0	1	47	0	-1	0
20046	白泽-30天	白泽-30天	215	0	-1	1	-1	0	1	47	0	-1	0
20047	白泽-永久	白泽-永久	215	0	-1	1	-1	0	1	47	0	-1	0
20048	彩翼-7天	彩翼[7天]	215	0	-1	1	-1	0	1	48	0	-1	0
20049	彩翼-30天	彩翼[30天]	215	0	-1	1	-1	0	1	48	0	-1	0
20050	彩翼-永久	彩翼[永久]	215	0	-1	1	-1	0	1	48	0	-1	0
22101	本服喇叭	本服喇叭	237	0	-1	0	-1	0	1	0	0	-1	0
4010	法宝续航道具-增加精力	寒月之辉	240	0	-1	1	-1	0	1	2400	0	-1	0
20051	玉兔-7天	玉兔-7天	215	0	-1	1	-1	0	1	51	0	-1	0
20052	玉兔-30天	玉兔-30天	215	0	-1	1	-1	0	1	51	0	-1	0
20053	玉兔-永久	玉兔-永久	215	0	-1	1	-1	0	1	51	0	-1	0
20054	粉色玉兔-7天	粉色玉兔-7天	215	0	-1	1	-1	0	1	53	0	-1	0
20055	粉色玉兔-30天	粉色玉兔-30天	215	0	-1	1	-1	0	1	53	0	-1	0
20056	粉色玉兔-永久	粉色玉兔-永久	215	0	-1	1	-1	0	1	53	0	-1	0
20057	鲲鹏-7天	鲲鹏[7天]	215	0	-1	1	-1	0	1	54	0	-1	0
20058	鲲鹏-30天	鲲鹏[30天]	215	0	-1	1	-1	0	1	54	0	-1	0
20059	鲲鹏-永久	鲲鹏[永久]	215	0	-1	1	-1	0	1	54	0	-1	0
20060	敖蒙-7天	敖蒙-7天	215	0	-1	1	-1	0	1	55	0	-1	0
20061	敖蒙-30天	敖蒙-30天	215	0	-1	1	-1	0	1	55	0	-1	0
20062	敖蒙-永久	敖蒙-永久	215	0	-1	1	-1	0	1	55	0	-1	0
20063	单身狗-7天	单身狗-7天	215	0	-1	1	-1	0	1	56	0	-1	0
20064	单身狗-30天	单身狗-30天	215	0	-1	1	-1	0	1	56	0	-1	0
20065	单身狗-永久	单身狗-永久	215	0	-1	1	-1	0	1	56	0	-1	0
20066	驯鹿-7天	驯鹿-7天	215	0	-1	1	-1	0	1	57	0	-1	0
20067	驯鹿-30天	驯鹿-30天	215	0	-1	1	-1	0	1	57	0	-1	0
20068	驯鹿-永久	驯鹿-永久	215	0	-1	1	-1	0	1	57	0	-1	0
20069	白泽变色-7天	白泽变色-7天	215	0	-1	1	-1	0	1	58	0	-1	0
20070	白泽变色-30天	白泽变色-30天	215	0	-1	1	-1	0	1	58	0	-1	0
20071	白泽变色-永久	白泽变色-永久	215	0	-1	1	-1	0	1	58	0	-1	0
20072	九色鹿-7天	九色鹿-7天	215	0	-1	1	-1	0	1	59	0	-1	0
20073	九色鹿-30天	九色鹿-30天	215	0	-1	1	-1	0	1	59	0	-1	0
20074	九色鹿-永久	九色鹿-永久	215	0	-1	1	-1	0	1	59	0	-1	0
20075	盛如夏花-7天	盛如夏花[7天]	215	0	-1	1	-1	0	1	66	0	-1	0
20076	盛如夏花-30天	盛如夏花[30天]	215	0	-1	1	-1	0	1	66	0	-1	0
20077	盛如夏花-永久	盛如夏花[永久]	215	0	-1	1	-1	0	1	66	0	-1	0
20078	金鸡-7天	福多多[7天]	215	0	-1	1	-1	0	1	64	0	-1	0
20079	金鸡-30天	福多多[30天]	215	0	-1	1	-1	0	1	64	0	-1	0
20080	金鸡-永久	福多多[永久]	215	0	-1	1	-1	0	1	64	0	-1	0
20081	黄金天琊坐骑-7天	黄金天琊坐骑[7天]	215	0	-1	1	-1	0	1	60	0	-1	0
20082	黄金天琊坐骑-30天	黄金天琊坐骑[30天]	215	0	-1	1	-1	0	1	60	0	-1	0
20083	黄金天琊坐骑-永久	黄金天琊坐骑[永久]	215	0	-1	1	-1	0	1	60	0	-1	0
20084	黄金伏龙鼎坐骑-7天	黄金伏龙鼎坐骑[7天]	215	0	-1	1	-1	0	1	61	0	-1	0
20085	黄金伏龙鼎坐骑-30天	黄金伏龙鼎坐骑[30天]	215	0	-1	1	-1	0	1	61	0	-1	0
20086	黄金伏龙鼎坐骑-永久	黄金伏龙鼎坐骑[永久]	215	0	-1	1	-1	0	1	61	0	-1	0
20087	黄金大悲金轮坐骑-7天	黄金大悲金轮坐骑[7天]	215	0	-1	1	-1	0	1	62	0	-1	0
20088	黄金大悲金轮坐骑-30天	黄金大悲金轮坐骑[30天]	215	0	-1	1	-1	0	1	62	0	-1	0
20089	黄金大悲金轮坐骑-永久	黄金大悲金轮坐骑[永久]	215	0	-1	1	-1	0	1	62	0	-1	0
20090	黄金合欢铃坐骑-7天	黄金合欢铃坐骑[7天]	215	0	-1	1	-1	0	1	63	0	-1	0
20091	黄金合欢铃坐骑-30天	黄金合欢铃坐骑[30天]	215	0	-1	1	-1	0	1	63	0	-1	0
20092	黄金合欢铃坐骑-永久	黄金合欢铃坐骑[永久]	215	0	-1	1	-1	0	1	63	0	-1	0
20093	情人节坐骑-7天	锦绣未央[7天]	215	0	-1	1	-1	0	1	67	0	-1	0
20094	情人节坐骑-30天	锦绣未央[30天]	215	0	-1	1	-1	0	1	67	0	-1	0
20095	情人节坐骑-永久	锦绣未央[永久]	215	0	-1	1	-1	0	1	67	0	-1	0
20096	元旦花灯-7天	元旦花灯[7天]	215	0	-1	1	-1	0	1	68	0	-1	0
20097	元旦花灯-14天	元旦花灯[14天]	215	0	-1	1	-1	0	1	68	0	-1	0
20098	元旦花灯-永久	元旦花灯[永久]	215	0	-1	1	-1	0	1	68	0	-1	0
20099	凤凰-7天	凤凰[7天]	215	0	-1	1	-1	0	1	69	0	-1	0
20100	凤凰-30天	凤凰[30天]	215	0	-1	1	-1	0	1	69	0	-1	0
20101	凤凰-永久	凤凰[永久]	215	0	-1	1	-1	0	1	69	0	-1	0
28000	贪狼星魂	贪狼·东方星魂	244	0	-1	1	-1	0	1	401	0	-1	0
28001	贪狼星魂	贪狼·南方星魂	244	0	-1	1	-1	0	1	501	0	-1	0
28002	贪狼星魂	贪狼·西方星魂	244	0	-1	1	-1	0	1	601	0	-1	0
28003	贪狼星魂	贪狼·北方星魂	244	0	-1	1	-1	0	1	701	0	-1	0
28004	破军星魂	破军·东方星魂	244	0	-1	1	-1	0	1	801	0	-1	0
28005	破军星魂	破军·南方星魂	244	0	-1	1	-1	0	1	901	0	-1	0
28006	破军星魂	破军·西方星魂	244	0	-1	1	-1	0	1	1001	0	-1	0
28007	破军星魂	破军·北方星魂	244	0	-1	1	-1	0	1	1101	0	-1	0
28008	七杀星魂	七杀·东方星魂	244	0	-1	1	-1	0	1	1201	0	-1	0
28009	七杀星魂	七杀·南方星魂	244	0	-1	1	-1	0	1	1301	0	-1	0
28010	七杀星魂	七杀·西方星魂	244	0	-1	1	-1	0	1	1401	0	-1	0
28011	七杀星魂	七杀·北方星魂	244	0	-1	1	-1	0	1	1501	0	-1	0
28012	紫微星魂	紫微·东方星魂	244	0	-1	1	-1	0	1	1601	0	-1	0
28013	紫微星魂	紫微·南方星魂	244	0	-1	1	-1	0	1	1701	0	-1	0
28014	紫微星魂	紫微·西方星魂	244	0	-1	1	-1	0	1	1801	0	-1	0
28015	紫微星魂	紫微·北方星魂	244	0	-1	1	-1	0	1	1901	0	-1	0
28016	红鸾星魂	红鸾·东方星魂	244	0	-1	1	-1	0	1	2001	0	-1	0
28017	红鸾星魂	红鸾·南方星魂	244	0	-1	1	-1	0	1	2101	0	-1	0
28018	红鸾星魂	红鸾·西方星魂	244	0	-1	1	-1	0	1	2201	0	-1	0
28019	红鸾星魂	红鸾·北方星魂	244	0	-1	1	-1	0	1	2301	0	-1	0
28020	经验星魂	文曲·东方星魂	244	0	-1	1	-1	0	1	1	0	-1	0
28021	经验星魂	文曲·南方星魂	244	0	-1	1	-1	0	1	101	0	-1	0
28022	经验星魂	文曲·西方星魂	244	0	-1	1	-1	0	1	201	0	-1	0
28023	经验星魂	文曲·北方星魂	244	0	-1	1	-1	0	1	301	0	-1	0
28024	天机星魂	天机·东方星魂	244	0	-1	1	-1	0	1	2401	0	-1	0
28025	天机星魂	天机·南方星魂	244	0	-1	1	-1	0	1	2501	0	-1	0
28026	天机星魂	天机·西方星魂	244	0	-1	1	-1	0	1	2601	0	-1	0
28027	天机星魂	天机·北方星魂	244	0	-1	1	-1	0	1	2701	0	-1	0
28028	巨门星魂	巨门·东方星魂	244	0	-1	1	-1	0	1	2801	0	-1	0
28029	巨门星魂	巨门·南方星魂	244	0	-1	1	-1	0	1	2901	0	-1	0
28030	巨门星魂	巨门·西方星魂	244	0	-1	1	-1	0	1	3001	0	-1	0
28031	巨门星魂	巨门·北方星魂	244	0	-1	1	-1	0	1	3101	0	-1	0
30000	月簽到禮包	極品陣靈禮包	216	0	-1	1	-1	0	1	500000	0	-1	0
30001	月簽到禮包	神品陣靈禮包	216	0	-1	1	-1	0	1	500002	0	-1	0
30002	活躍度寶箱1	20活躍度寶箱	216	0	-1	1	-1	0	1	500004	0	0	0
30003	活躍度寶箱2	40活躍度寶箱	216	0	-1	1	-1	0	1	500006	0	0	0
30004	活躍度寶箱3	60活躍度寶箱	216	0	-1	1	-1	0	1	500008	0	0	0
30005	活躍度寶箱4	80活躍度寶箱	216	0	-1	1	-1	0	1	500010	0	0	0
30006	活躍度寶箱5	100活躍度寶箱	216	0	-1	1	-1	0	1	500012	0	0	0
30007	活躍度寶箱6	120活躍度寶箱	216	0	-1	1	-1	0	1	500014	0	0	0
30008	活躍度寶箱7	140活躍度寶箱	216	0	-1	1	-1	0	1	500016	0	0	0
30009	光棍節稱號	一條魯蛇	222	-1	-1	1	-1	0	1	213	0	0	0
30010	VIP限购礼包-1	VIP1限購禮包	216	0	-1	1	-1	0	1	500019	0	0	0
30011	VIP限购礼包-2	VIP2限購禮包	216	0	-1	1	-1	0	1	500020	0	0	0
30012	VIP限购礼包-3	VIP3限購禮包	216	0	-1	1	-1	0	1	500021	0	0	0
30013	VIP限购礼包-4	VIP4限購禮包	216	0	-1	1	-1	0	1	500022	0	0	0
30014	VIP限购礼包-5	VIP5限購禮包	216	0	-1	1	-1	0	1	500023	0	0	0
30015	VIP限购礼包-6	VIP6限購禮包	216	0	-1	1	-1	0	1	500024	0	0	0
30016	VIP限购礼包-7	VIP7限購禮包	216	0	-1	1	-1	0	1	500025	0	0	0
30017	VIP限购礼包-8	VIP8限購禮包	216	0	-1	1	-1	0	1	500026	0	0	0
30018	VIP限购礼包-9	VIP9限購禮包	216	0	-1	1	-1	0	1	500027	0	0	0
30019	VIP限购礼包-10	VIP10限購禮包	216	0	-1	1	-1	0	1	500028	0	0	0
30020	VIP限购礼包-11	VIP11限購禮包	216	0	-1	1	-1	0	1	500029	0	0	0
30021	VIP限购礼包-12	VIP12限購禮包	216	0	-1	1	-1	0	1	500030	0	0	0
30022	VIP限购礼包-13	VIP13限購禮包	216	0	-1	1	-1	0	1	500031	0	0	0
30023	VIP限购礼包-14	VIP14限購禮包	216	0	-1	1	-1	0	1	500032	0	0	0
30024	VIP限购礼包-15	VIP15限購禮包	216	0	-1	1	-1	0	1	500033	0	0	0
30025	VIP限购礼包-16	VIP16限購禮包	216	0	-1	1	-1	0	1	500034	0	0	0
30026	VIP限购礼包-17	VIP17限購禮包	216	0	-1	1	-1	0	1	500035	0	0	0
30027	VIP限购礼包-18	VIP18限購禮包	216	0	-1	1	-1	0	1	500036	0	0	0
23400	神秘八卦石	神秘八卦石	216	0	-1	1	-1	0	1	121	0	0	0
23401	日月精华礼包	日月精华礼包	216	0	-1	1	-1	0	1	152301	0	0	0
20102	幽灵陆吾-7天	幻影陆吾[7天]	215	0	-1	1	-1	0	1	70	0	-1	0
20103	幽灵陆吾-30天	幻影陆吾[30天]	215	0	-1	1	-1	0	1	70	0	-1	0
20104	幽灵陆吾-永久	幻影陆吾[永久]	215	0	-1	1	-1	0	1	70	0	-1	0
22437	节日环 - 佳节献礼·帮派	佳节献礼·帮派	238	-1	-1	1	202	0	1	0	0	0	0
22438	节日环 - 粉红记忆烟花	节日环 - 粉红记忆烟花	228	-1	-1	1	123	0	1	83	0	0	0
22439	节日环 - 火树银花烟花	节日环 - 火树银花烟花	228	-1	-1	1	123	0	1	84	0	0	0
22440	节日环 - 韶华绮梦烟花	节日环 - 韶华绮梦烟花	228	-1	-1	1	123	0	1	85	0	0	0
23402	V1-3回馈礼包	VIP新春礼包	216	0	-1	1	-1	0	1	724	0	0	0
23403	V4-6回馈礼包	VIP新春礼包	216	0	-1	1	-1	0	1	725	0	0	0
23404	V7-9回馈礼包	VIP新春礼包	216	0	-1	1	-1	0	1	726	0	0	0
23405	V10-12回馈礼包	VIP新春礼包	216	0	-1	1	-1	0	1	727	0	0	0
23406	V13-15回馈礼包	VIP新春礼包	216	0	-1	1	-1	0	1	728	0	0	0
23407	V16-18回馈礼包	VIP新春礼包	216	0	-1	1	-1	0	1	729	0	0	0
25033	时装拉新第3期男套装	校服(男)·套装	216	0	-1	1	-1	0	1	730	0	0	0
25034	时装拉新第3期女套装	校服(女)·套装	216	0	-1	1	-1	0	1	731	0	0	0
22207	情人节收花数补偿道具1	爱意永恒·壹	249	0	-1	1	-1	0	1	1	0	0	0
22208	情人节收花数补偿道具10	爱意永恒·拾	249	0	-1	1	-1	0	1	10	0	0	0
22209	情人节收花数补偿道具100	爱意永恒·百	249	0	-1	1	-1	0	1	100	0	0	0
23408	资料片3-4活跃度宝箱1	20活跃度宝箱	216	0	-1	1	-1	0	1	736	0	0	0
23409	资料片3-4活跃度宝箱2	40活跃度宝箱	216	0	-1	1	-1	0	1	737	0	0	0
23410	资料片3-4活跃度宝箱3	60活跃度宝箱	216	0	-1	1	-1	0	1	738	0	0	0
23411	资料片3-4活跃度宝箱4	80活跃度宝箱	216	0	-1	1	-1	0	1	739	0	0	0
23412	资料片3-4活跃度宝箱5	100活跃度宝箱	216	0	-1	1	-1	0	1	740	0	0	0
23413	资料片3-4活跃度宝箱6	120活跃度宝箱	216	0	-1	1	-1	0	1	741	0	0	0
23414	资料片3-4活跃度宝箱7	140活跃度宝箱	216	0	-1	1	-1	0	1	742	0	0	0
23415	巫妖福袋	巫妖福袋	216	0	-1	1	-1	0	1	745	0	0	0
23416	5级宝石礼包	5级宝石礼盒	216	0	-1	1	-1	0	1	747	0	0	0
23417	高级灌注符宝箱	神品灌注符礼盒	216	0	-1	1	-1	0	1	748	0	0	0
23418	10000金币[勿复制此物品]	超值金币福袋	233	0	-1	1	-1	0	1	1	10000	0	0
23419	10000金币[勿复制此物品]	特价金币福袋	233	0	-1	1	-1	0	1	1	10000	0	0
23420	10000金币[勿复制此物品]	优惠金币福袋	233	0	-1	1	-1	0	1	1	10000	0	0
20791	白玉·武	白玉·武[7天]	221	-1	-1	1	-1	0	1	89	0	0	0
20792	白玉·武	白玉·武[30天]	221	-1	-1	1	-1	0	1	89	0	0	0
20793	白玉·武	白玉·武[永久]	221	-1	-1	1	-1	0	1	89	0	0	0
20794	蝴蝶装·衣	蝴蝶装·衣[7天]	221	-1	-1	1	-1	0	1	90	0	0	0
20795	蝴蝶装·衣	蝴蝶装·衣[30天]	221	-1	-1	1	-1	0	1	90	0	0	0
20796	蝴蝶装·衣	蝴蝶装·衣[永久]	221	-1	-1	1	-1	0	1	90	0	0	0
20797	蝴蝶装·发	蝴蝶装·发[7天]	221	-1	-1	1	-1	0	1	91	0	0	0
20798	蝴蝶装·发	蝴蝶装·发[30天]	221	-1	-1	1	-1	0	1	91	0	0	0
20799	蝴蝶装·发	蝴蝶装·发[永久]	221	-1	-1	1	-1	0	1	91	0	0	0
